28500
19261
27029
30394
2102
20629
9183
13636
8620
23785
7694
30997
11809
6056
24802
20854
18216
25606
2714
8891
30451
7757
1697
31515
30824
7308
31525
23740
5567
22702
25659
416
20304
20202
11646
27214
29832
15279
337
5058
17385
7237
9133
29719
23147
18402
31368
11086
20805
18819
30277
24972
22344
3132
3673
20473
1366
2571
4186
12591
18763
7712
7931
12015
3908
28829
5498
21297
26609
14652
12800
30631
13184
19187
20588
9132
10210
16230
29790
32214
6613
6247
27634
200
170
21581
23234
19309
8517
3495
6502
9972
12434
31584
13874
15931
25923
20718
27446
30579
29111
26640
19200
3973
14671
4346
18666
15113
7111
20925
336
26323
17517
9821
32299
5416
16746
13840
5219
5811
30139
31855
722
21051
32258
4175
30790
29173
24486
11562
32310
15347
2273
9078
14533
13008
8384
29052
9393
13591
19960
30035
24896
28449
14059
12081
338
29765
9033
16528
275
9860
29205
32147
26892
25951
24661
10321
1819
14956
15163
24573
584
5567
23201
16138
29800
7716
10356
395
9347
20428
606
1745
22360
9043
20234
15955
27406
14534
9043
30230
22883
18882
5474
332
24008
14760
1443
15127
13255
8525
25599
7938
1571
9358
14548
16812
10153
6770
23893
20637
7425
997
22634
15348
25775
30346
4510
30463
5786
5972
21085
9597
1603
29896
13899
8592
13671
22780
14693
24670
2943
32669
24651
32471
31979
18989
32642
23399
28544
5762
2817
6744
10086
21651
15074
1541
31136
10826
13030
30569
27687
16208
29996
23611
21303
29219
5641
26808
12640
23329
12074
17814
16652
13415
11330
27070
25141
18763
6961
27404
14519
8991
28567
20230
26516
24197
3561
24263
8969
16789
28085
10879
20843
9504
904
11581
18849
11601
31351
19637
9979
27075
12767
26468
4330
9089
7489
23265
2107
4561
32002
11546
25109
2124
41
18182
6346
14618
32410
23383
23799
3772
6003
19661
25280
823
19607
10644
31903
25576
20337
16668
17003
21133
30357
863
6475
15279
11094
25229
29720
7141
8717
19266
2847
29487
13225
29531
12995
17461
14003
31405
7769
14077
26716
17714
5832
29812
13497
14392
12316
8356
13258
14683
25249
26821
3041
16115
1308
12068
16593
30433
27170
872
30091
14069
11692
11682
14721
653
20894
6811
3046
31485
6118
15353
2426
24199
13644
17073
4017
26921
15320
14464
12061
15546
11251
4067
10514
5081
25801
9430
8605
31499
13479
3453
14308
448
12370
8168
24921
23054
27804
13394
8907
1250
24569
6307
20039
28795
17112
19879
12598
3283
12916
32261
6530
27163
18770
20798
741
24915
16738
21808
32623
7987
10076
14566
18892
4739
10042
7497
27907
2378
30870
28656
18934
21427
26000
4464
4491
2164
14565
546
19299
2613
22663
11381
27104
19839
9404
3585
13029
31862
22481
1017
31133
2177
29928
30073
12779
1738
25816
31719
10468
27619
10970
27823
4006
32034
30738
14291
13017
3694
2654
26709
22251
5578
24006
17024
614
15578
11380
6408
7958
13969
4144
525
17304
2996
9524
12176
15740
17324
32038
27021
477
10715
3374
7271
19131
30308
17919
5542
1513
11306
11473
1208
29705
10826
8093
22903
22508
687
20097
17605
32578
2196
1214
1480
19243
14004
14896
32635
10428
4947
1605
20589
20727
25975
6224
25390
1760
14464
10256
23314
12881
4734
23103
3943
22524
14349
12271
19420
10608
14842
3360
22779
3753
7186
6919
17161
12097
31886
181
17426
17438
25573
9469
11600
8956
10649
19038
3958
18224
20798
1806
25353
934
17112
16790
4697
19323
13499
11007
1797
7327
10687
6186
19051
28224
21628
17003
19958
11529
19607
3976
28166
9389
8472
908
11832
14348
25065
20988
8114
943
32554
27524
32687
5307
17410
1075
30355
23250
14372
27801
20292
18061
4851
25332
18414
8208
8794
4631
17083
21557
16406
13072
8225
12777
32325
6970
11190
28031
30213
7659
24574
15572
16427
26027
30262
29239
21242
22855
7335
23783
30986
21197
25719
31429
24224
733
7392
4872
11172
27966
10374
13555
31034
4588
18997
13700
7276
21502
26006
7829
7893
24615
20319
10676
6773
17743
5823
31885
11410
30673
24654
22058
7676
13430
2952
27366
27343
4386
32233
29244
30724
4302
29252
2044
587
19270
9044
15274
17167
12723
8300
27061
10617
29072
29952
10296
18511
440
10680
3585
7186
13435
7904
17117
32102
31366
6224
22959
11094
26679
7439
4706
3209
8376
13935
24543
21893
19832
11342
23039
21275
24365
19795
17737
4952
6742
22297
19387
4502
21380
10762
18416
9870
4496
14584
16781
12743
9967
15334
19376
22528
1658
1675
20492
25229
15397
27278
23225
32050
1202
960
31516
10053
22685
30626
27405
18154
26952
18915
32211
25716
15889
31657
21228
9839
25696
32736
1936
18674
11459
27731
27973
3858
15592
28626
2883
5512
27180
4376
24414
17951
16148
27226
369
28023
16904
25375
16698
1227
28649
31522
9012
27701
18505
30933
12755
16465
25081
29307
13729
1550
11387
672
1585
20886
29891
22417
11679
31834
14726
16630
8713
19055
24384
11908
8824
11946
27196
23089
28832
24210
635
65
1311
31287
30344
31143
5680
28561
25947
32264
1971
18640
27861
28724
2905
22481
10132
10789
9896
5689
19545
2468
6779
11644
28817
1434
1334
15411
22327
31239
7142
19718
25226
707
7819
30195
30689
10759
24774
5485
22134
5741
9026
7959
15620
11841
28504
22728
21142
19882
12647
1572
28732
10966
31507
18855
18834
25623
18621
12543
26152
4288
24554
18908
12196
27957
20821
27787
16100
6398
1468
18970
15493
32176
29941
10216
17261
24772
4869
24376
8271
16205
8773
15225
10762
21475
9305
32686
7334
11787
4393
14822
31664
7826
23080
15184
21286
12452
4786
5252
3158
5854
26281
13716
10601
24068
4316
187
5936
29982
24919
25550
17125
764
19209
25944
15215
6132
14974
25195
5796
5634
1119
14537
19855
17482
32033
12095
29557
13158
5421
31732
30152
20629
2066
7946
7057
6053
30932
27150
28582
22575
9229
29771
12231
32018
26033
29336
12089
1847
21508
11046
5123
11500
23798
25616
2230
2625
21359
24219
19461
11971
12231
25936
16625
15423
30792
462
8462
23628
18300
16907
13727
13549
20585
18608
26503
31126
9291
23882
26820
15492
13452
6824
26594
720
29072
23574
31766
21645
12604
13262
19479
7199
1458
4574
23267
9274
2360
2680
29238
24501
5582
24309
22601
18045
29136
17992
23319
26837
21286
5752
32257
15808
25525
22941
30514
15468
11158
15548
4888
25589
15311
19899
20750
6601
5389
19267
15941
27024
11290
6587
29275
30541
12593
24715
2415
1468
9204
12527
25417
1902
86
11206
8190
9873
14990
6954
11532
12219
15508
25818
25652
25261
31385
2268
16656
23423
5536
31937
13740
24648
19072
22113
8683
8456
16016
1879
8228
17645
31002
27111
8
21107
16266
10270
7219
9783
9566
825
12865
1398
10253
16817
29669
30304
22959
6361
9316
17393
24754
28788
11922
7106
9851
8289
27781
26715
28638
6023
23438
31773
30285
2924
4448
24399
595
14213
8587
25051
11682
9544
21844
7635
14341
3957
27254
16287
7422
3850
3048
21625
2055
13931
29962
7783
12570
28687
2331
10866
25554
17416
8989
3798
18555
22662
27854
30019
14525
21549
2594
23950
24819
20380
17610
18465
11286
6457
12441
22220
3301
20892
4460
5791
20067
5865
25896
19140
13163
104
32503
11230
21744
2298
7076
940
12605
21927
8398
4048
27277
11290
11172
30166
29846
16624
5414
9270
8178
1995
28879
634
15030
22504
27307
14216
8153
873
1126
105
7475
22260
28004
31645
8593
3039
12431
17098
4555
29292
15045
13380
6520
14588
19556
32046
4529
21134
8768
20545
9109
18576
4249
32175
17523
8260
3836
30035
18316
24252
11537
28343
24110
20794
5173
16864
30864
521
20036
9055
2650
23140
32129
24173
1097
30430
13125
21133
24419
8810
5124
13844
3709
25231
19297
3454
5169
25360
3155
26665
13141
12583
16135
10646
31567
23164
8117
22859
30395
10434
13888
21390
13683
13218
30435
24951
30785
12448
9559
4027
32563
14778
2093
3434
24914
7993
11747
19979
24016
15645
5087
13178
17585
32058
4448
26683
16177
28008
4
19317
13337
8867
20833
1533
26627
19341
24705
2438
4119
8087
19757
30027
20406
4094
6925
12046
25605
9877
17648
9632
19908
18704
2510
203
12114
291
32302
10567
5316
6648
10917
327
11443
26244
7982
22670
30713
6900
25125
3359
14458
31994
11069
30529
9581
19054
15380
6659
23659
20221
29656
8734
6241
15646
19722
28479
21809
25081
18470
5184
6187
20563
13373
23233
23595
26369
10983
31897
23190
32479
7728
12675
16602
24012
9012
31940
24669
11285
13673
20059
30861
16215
12251
4508
29045
30354
15781
21744
11620
11517
25262
13096
22699
32270
3318
6789
13445
18296
14880
21532
14278
25962
16594
25959
32726
22774
13481
1322
15301
21230
18247
24724
16409
27577
24348
28658
13892
23932
10068
20860
24057
20300
20517
26105
1330
15319
20815
17333
26693
10964
7806
3805
1380
8325
9363
20077
942
26590
17501
4226
28744
14119
15730
24991
22084
11888
24937
4193
31628
18220
22771
4956
15839
22151
3175
1315
1347
20050
14391
27272
9763
27425
29596
13830
269
19956
30896
16648
8953
12110
28332
4294
26892
24263
3356
22162
22249
10329
16133
4892
13406
23601
16190
21801
20653
21383
26115
5933
10757
25864
11689
26046
26005
26240
31662
14143
20768
26845
18275
22990
8443
28982
20701
6185
23179
8103
22284
10052
9669
28368
27650
7380
24712
17127
9193
22445
15568
18444
12562
27581
31752
10686
21865
5448
27324
4343
31973
19884
12868
13479
5487
26030
15568
12791
5210
17852
28227
19774
19262
8385
32002
24919
13422
27444
30685
3413
5360
14630
11571
19228
15836
22297
19388
26053
14106
20372
7401
12977
12204
27505
29772
2043
7264
2131
24450
28192
10417
22925
32149
26490
12680
5462
26090
13499
32164
22331
6312
30849
4985
6692
30026
1965
12259
12721
9675
725
5416
19899
26575
2697
24227
27057
9643
15815
31556
20089
3646
15767
20775
9737
14796
11478
21690
17111
30603
30223
9474
21739
14544
11255
2029
2530
1076
18352
14935
18256
6824
10330
29342
13031
4196
28549
8813
26709
26358
20198
32645
11231
24684
29091
23585
17535
16237
19606
17326
31123
19895
23895
13935
32456
8735
26458
32635
7740
20806
10001
31947
7599
3290
5320
8932
898
28176
6921
7468
28713
27157
13995
28256
1371
24934
5848
2818
2317
2455
20556
23616
9356
187
13733
14843
22803
16241
27631
22818
813
11545
4942
15051
7246
4689
16685
12174
19288
16637
18813
19810
3730
25368
32130
13521
19308
26884
15422
13957
11388
9911
3009
19200
5215
7279
590
29325
19248
6502
12503
12922
9083
12547
27305
15740
28460
28660
7541
14349
6930
6117
2860
19834
22677
21337
11906
5987
6036
19971
18183
19914
10526
17466
4593
8002
30537
1035
8486
8800
593
12854
17321
11936
25672
31293
25156
194
29812
4850
8129
28691
16052
18313
19079
17045
28114
18894
16932
3830
22514
551
7416
6873
19513
3387
28243
11400
18676
21534
13685
17144
24580
1237
31992
10306
20610
13360
32573
7164
23839
24004
13536
8472
1304
1993
27056
17851
20801
21749
17188
4063
20832
11773
4544
31193
18036
6618
3077
23153
2936
15800
12933
4979
3898
28793
28295
2327
2769
16993
12314
6219
14875
25747
6368
17487
21390
15870
5165
23953
4252
12402
21752
15997
15768
1098
16777
18665
22532
7628
2454
9153
29260
9662
4181
30274
14181
28084
25428
30427
18898
19822
16494
9067
6895
1623
786
27913
2348
384
12046
1975
8385
8763
29997
5562
17188
12136
10282
1941
32315
30533
5460
3914
2501
9114
9413
24382
3364
3607
13580
26133
9695
5979
13621
1961
16468
7563
12195
5946
13263
695
27648
14651
28595
31940
29769
12056
29358
8060
20206
5084
32676
13077
24029
3233
18708
26752
19445
30199
522
2527
16766
2829
15457
18533
12169
3082
707
5836
93
11528
16520
30557
12908
31901
28577
20806
4329
20386
24687
22177
13651
10922
16206
23922
17475
22624
18917
12368
4443
6434
18920
27920
22820
26789
22392
21571
22037
22343
9834
20032
29485
27600
20200
3802
25214
24995
17979
1838
7062
20945
18416
8470
26521
2765
26992
31031
18614
18262
10194
1632
22699
24454
3032
28448
22007
28786
525
27240
32666
6437
30682
13628
7422
17471
23679
20861
8666
11697
30525
403
9275
23070
9317
1457
19020
8384
18743
23942
19400
25923
24222
1258
25190
13931
386
7382
29224
25439
11778
9132
8195
95
3870
12091
8180
27143
7005
5440
25340
25445
17473
17525
11967
15519
4927
14743
5202
15703
30364
10051
19786
21596
8130
16177
18191
24038
583
9174
30827
28774
5861
28548
4058
23262
20149
28409
29274
5981
13270
22916
17253
17196
7094
1984
30747
28808
8783
16336
9904
7963
19338
11529
18138
13429
7900
7251
16459
12831
26065
17794
12993
27859
25582
25328
18417
24307
21705
32108
27700
30219
31283
23052
7994
20997
25661
4917
20046
15440
19763
9661
19401
10460
12550
8622
21136
14001
16444
19917
31703
32133
22848
15233
12754
7228
29682
24454
9826
9967
21515
17055
660
1971
6841
10577
16322
14113
6441
28603
32592
14806
15177
3771
22241
30712
31577
11630
15984
21417
18734
16993
17462
2424
24314
3422
18421
18915
5489
1678
12831
18358
22969
22970
31296
19413
27212
27010
5839
4131
17158
7353
30828
20154
25461
21901
20324
2391
26603
19269
26054
23990
2885
8355
25300
7266
17250
265
16663
9999
4236
30022
5483
23670
3564
12862
14872
15867
28009
20821
16770
29197
29551
11549
31586
13896
1288
7969
3171
32419
8970
1968
4409
3397
29151
13331
7516
20636
29027
28676
20808
27579
3312
14520
26708
5239
20023
21416
31556
29624
26796
21059
23087
3794
18777
16913
17399
14479
24592
29920
23241
25754
28492
3294
27682
2702
8491
11055
23495
3380
3423
1829
14902
23882
28408
7138
20640
2857
25293
8362
9226
19906
17412
4861
26101
21946
19457
11775
6090
3362
26520
31640
31083
3362
26227
20247
9558
28361
27769
11388
17029
30249
13489
32557
5794
7544
20259
15651
2299
25654
16204
22237
27069
12524
10094
22852
20505
29272
4564
13691
16709
15202
21365
31357
432
8899
21897
23102
22007
3272
18428
4189
30011
16965
6453
2387
29984
14157
16751
32535
31344
6939
26335
5723
27952
5386
902
31331
6984
27743
30741
30638
32384
20369
30136
8694
28396
31685
6152
21298
21738
8495
29268
11626
11639
6055
6183
28228
27981
10591
21254
20167
14520
32093
14858
10579
10038
2458
1539
24730
26271
30444
21843
3823
8519
26320
14948
14576
20223
27732
14675
19601
25805
1647
10139
25186
16507
7265
19906
12031
11600
14459
23964
19804
12343
4678
27590
16104
5699
22659
7461
10370
8534
20091
7397
15146
27259
2488
16585
4536
26715
28111
24318
6250
32275
18179
29791
13500
32727
12607
23106
25617
27670
29221
6914
24559
5551
18170
9610
17340
2274
28683
3696
5146
22364
11258
1952
27347
25563
2914
7457
14796
8272
5784
30948
29163
8727
28225
16765
9082
25552
17411
17506
9482
27240
7708
5891
29374
19846
21389
30645
15283
15125
7750
14061
15968
27457
10901
19584
15021
2092
14252
23072
16241
13468
4174
14879
749
15789
25604
1346
26297
10724
4989
17560
5909
655
8389
17520
16118
24326
8428
10148
8432
18194
11226
11321
5103
32335
11908
4003
19192
6734
17720
12733
17206
20566
792
31027
21727
15416
14485
28043
31146
25119
4938
4027
27873
637
10137
25226
1503
4499
1756
6902
14403
24526
1728
27360
22065
24843
15821
6123
6059
2556
15667
8045
27558
8455
652
5066
31413
21092
32506
28126
24428
18822
18543
19687
4747
4632
15791
31074
23590
26964
14349
11327
244
22077
25751
12715
1623
26285
9230
22387
3771
17941
14522
23894
5510
18989
11958
25384
32568
25234
2562
18437
1642
25107
29710
25437
18615
7532
15885
31810
31365
31711
15545
15043
6409
16316
3646
17967
31626
28822
24653
14013
29289
2324
7716
30373
2778
11280
32686
11934
20365
21991
26251
22265
16083
16272
19037
16710
1041
20949
13511
9530
8651
22608
3973
1929
26515
2452
29100
6867
28520
21153
2907
12188
586
2244
15803
27157
24302
31830
18118
17490
16235
13069
21388
20031
16776
7344
2736
25934
13876
26293
5198
18262
10601
2076
11454
17738
21617
26028
13942
19481
13698
1910
12507
17991
11150
11500
5802
7432
5865
28477
16775
18654
10380
9639
5470
5493
27640
10954
23353
10914
19496
30229
3009
30271
25461
15057
13200
32419
8993
5294
21308
9813
29629
18058
18268
2796
12488
28406
30054
20577
18019
20439
24036
29239
11692
11855
7774
1754
7421
27058
29177
23460
13775
32558
32497
19739
735
13848
15033
29759
497
15311
18492
9175
15134
30380
29243
23406
27264
14760
30786
1231
26432
29653
24258
15736
28219
13272
26184
18311
13324
14411
27817
32388
11580
30924
27296
22102
1226
12507
14661
14864
18726
2089
25460
6977
1368
4340
19161
8657
29595
2122
29936
31432
6174
2797
4243
21027
21420
6954
9369
23596
6120
20165
11745
20683
2930
5454
31583
21153
30980
5837
12965
3338
18995
4063
14706
10360
32582
5775
11122
30274
11113
21794
24129
15498
22301
27953
27844
1792
27047
4014
11113
20710
23794
17343
31669
27720
10134
6459
8659
24137
12854
18636
5018
1270
27202
28299
8734
8148
23725
1266
27858
28034
5402
14237
28675
3807
30756
16812
19941
19967
30065
30453
11592
1497
7949
22873
16139
11464
8567
16198
20675
22806
3726
11802
26459
23889
8169
14087
19805
24553
30144
23677
24298
9425
25437
3800
13873
30176
6923
17257
29967
24705
4039
30196
7341
18997
12580
30411
22392
10721
5806
8685
11613
22831
16964
11060
5617
13298
32058
13316
17123
2665
14252
20446
13669
8418
2994
12609
21687
22870
17295
12012
20073
28918
26516
20309
4172
17019
19541
9628
21455
5986
23785
27388
590
27703
24328
24588
28774
5713
18983
28598
22702
19985
28530
19906
14451
13535
18923
3123
8627
8408
286
30493
21399
46
1100
30185
15548
14690
775
31033
24794
15213
19746
5330
3886
16902
27935
13449
25406
18283
7980
20793
11991
23986
8578
1430
845
22024
27012
3307
22753
29568
32514
8639
11175
14134
5774
822
7693
15526
26776
8891
27954
10543
31692
20538
27961
32718
27577
30798
5947
21411
7858
30672
22252
31238
24445
19989
8444
16428
10114
8016
1708
14030
27006
10367
24025
10785
13211
15580
20748
12462
7200
15649
29971
29038
4807
9171
13347
5018
13293
23471
29751
5265
31951
6146
20689
2119
10122
12187
5321
22048
8667
25653
31290
17784
3471
27249
19835
3879
1331
6805
22610
4807
6297
8628
2762
10278
32566
1060
30529
30742
10248
17305
5141
6869
24356
23355
17312
29964
6937
22326
19776
163
2171
30918
14980
20933
7056
13080
16259
23670
5195
27568
11407
1324
23647
32665
21905
25944
17946
2116
21419
12871
4848
2859
1944
11563
3692
421
9001
5029
22378
19481
17428
9025
21663
20159
14409
3681
14451
10292
17866
32021
18011
15742
23191
4767
25114
21527
23308
9975
16165
18135
30424
1036
24809
4018
8992
20925
1054
7885
32280
32072
8740
15400
9273
30226
28459
8262
3574
28095
18218
15693
23937
26793
27167
14841
22757
18939
11935
3890
25983
14079
18250
10632
27837
16830
16412
14733
13689
27306
29183
26749
6370
24666
1014
20124
5616
26805
31598
13902
2066
4284
23731
12619
31504
12440
30020
27681
13586
28724
787
6027
303
28809
21123
18702
260
21389
7162
25953
4990
21775
8747
29644
2892
20635
17172
482
24791
29645
26361
5862
32424
30241
13681
24107
1490
26365
3958
13388
7427
19843
267
20864
19951
12847
25932
3190
29754
20881
13773
23267
13103
2056
814
32682
16231
14745
5407
26831
4107
25847
20270
3850
31542
27714
13475
30736
13562
23612
15702
31217
31298
17822
15884
16269
29451
1338
24086
9741
15986
21012
19277
28358
16723
1219
20959
24859
28131
11445
30587
30978
19084
24223
13918
4313
28898
9028
9174
26610
4385
16914
24437
11957
19102
3516
31893
29552
31521
28305
14921
26027
2953
6563
23919
29496
10013
4847
15678
32698
10684
20847
3768
28754
21196
5057
15915
21000
13626
9842
15823
4732
14374
4009
30992
23551
27544
841
2668
1048
27210
31862
880
31967
17678
14584
26066
23413
32599
29360
14062
3435
9861
11410
18079
10689
5328
9903
26514
21671
20158
27027
30318
643
8386
31387
30016
5245
23654
1000
14918
7903
2417
3346
29640
29679
31124
12421
5561
740
6368
18561
17466
31437
32256
31463
4287
13151
24552
12502
31950
4594
27124
21380
15585
4264
15051
1735
4357
1298
2061
11638
20869
16096
14551
22134
11615
24703
3800
15795
26104
15505
3585
163
27953
23680
412
18041
3375
23986
31254
25186
14586
28578
12059
20284
12932
7143
10489
7497
25143
11740
915
17806
13517
23324
24464
10889
22295
30999
1937
24478
14564
15124
15798
7820
5869
20788
27300
22406
24044
30673
22800
25772
31568
27134
23453
32086
24541
20343
11467
32686
19697
8858
27663
4607
17818
12628
17600
26736
26612
6086
8100
4781
20049
24963
31904
4787
24600
27304
2181
6639
16713
15741
31736
13153
27648
4980
27713
19964
4237
25589
12548
9424
32305
8070
19578
9920
19030
1880
30336
29002
21578
7230
24010
7856
805
17210
21177
14233
15467
27294
19374
11993
872
27790
302
18175
14098
12978
2628
15049
2487
2851
878
20941
7406
32474
16003
21354
32489
7472
24184
22790
19634
27818
12325
28408
12681
26843
16260
16203
623
2765
15626
6299
4593
6012
2200
25516
22129
15140
22146
9143
28165
11301
20706
19509
18914
28962
19518
7611
8024
2792
24387
28509
26858
13485
26705
17330
13077
512
6318
9087
5284
20930
21473
3388
14513
14753
6483
30332
32499
20161
8138
19549
19100
1498
1841
27537
6534
25656
20066
20169
6588
24789
1667
9662
4897
5813
2714
13376
8590
8605
30320
32611
3241
30778
31071
8521
2597
12359
11028
30627
7101
18140
24654
29194
17573
20944
31042
4885
26599
8008
24646
22070
20868
27643
22678
10980
1836
8683
7972
17696
24291
22793
8921
6817
4858
11150
5584
19670
13501
3947
30437
4047
8191
29745
30345
26274
25385
29747
31580
4394
31889
13484
16588
16210
17195
23808
1903
18231
9771
3425
2995
13217
21937
32563
14612
2964
32236
15478
2500
29847
7172
6105
21364
11260
21621
32561
5725
26285
9112
10072
9576
888
29590
7436
18831
32133
18608
24596
31668
11730
21794
22743
16752
20769
27823
7957
19015
17998
28138
24316
20215
29406
2745
19620
32234
11440
5491
22998
4191
1006
9386
21018
1057
13481
27996
24068
6508
21423
19879
12243
30158
28861
24710
10376
18693
13632
13339
6459
6904
11811
8974
3558
11842
8622
26534
1135
15815
9037
21374
20761
29241
6862
7208
20862
28100
13831
15023
32046
30050
21304
12202
3000
11187
7150
24344
20406
32012
22945
3780
8151
4594
26260
20749
19559
12992
3252
19608
22501
20422
6311
10141
62
3175
24667
7753
9688
23712
22441
18171
14835
11420
545
31276
5889
411
4013
27999
11969
10909
28441
5200
15879
25858
13970
24856
8875
23761
19444
20915
31240
29414
31
10290
16131
13414
14157
17244
10966
8271
18741
29930
29165
15104
21555
11547
5723
27464
7949
12367
17068
31306
27007
18133
3016
10653
23105
8707
12263
1062
9173
20009
7196
15715
20733
13220
11617
4320
10375
4361
1052
4484
5195
29993
5552
1453
23504
27651
4802
21157
29243
16102
3594
25836
24549
22793
31889
29035
31382
13154
2252
23981
24351
11203
21451
20925
28462
31763
2564
23997
29449
132
114
31817
29305
7731
17438
17557
17998
29073
10776
18151
4449
18125
30276
16658
16052
28910
19403
12336
26961
32312
22654
31240
22882
28345
26283
4328
11816
24920
11368
10787
8265
28789
16351
28654
19810
4611
24183
7878
10960
5815
5380
3799
168
13434
29729
26377
9849
11668
390
23336
30959
21519
21279
26140
2106
24871
4389
18253
15078
9764
13169
7258
9943
19179
15649
31119
16966
15746
24223
17718
32621
30485
20837
24882
29864
4812
18868
6596
25391
18014
25568
18215
4006
1623
29552
6706
27873
25441
17527
6624
4085
19120
16221
9408
31936
28767
3262
18397
23506
31466
28852
32416
28675
6718
13718
21492
4003
21252
32116
2423
6021
25463
24436
32133
30999
4272
25991
16310
27752
30347
17003
21675
24060
28337
28399
21977
25571
4200
21931
29227
11057
17837
3089
29448
13759
26614
4043
12
22476
23994
13366
5242
9152
15049
8515
468
9355
21924
14834
27710
10457
1497
17459
3907
11071
3170
8867
16415
1485
32758
13908
25321
2114
22548
14560
11919
31517
1064
4558
5614
26013
26142
5118
21238
22193
16585
2608
1498
31872
2263
12432
2253
30160
28936
4618
29892
19648
8266
13608
31650
676
14898
23579
9900
13732
27531
9407
19625
17626
710
17056
24867
1425
18047
25146
30488
6791
25720
19411
15129
1605
19916
11333
10771
7646
8547
9367
31107
9604
18298
27009
14796
7768
27403
30658
3313
29868
27051
3801
32337
21026
26034
11015
5099
26718
10997
5935
18522
15344
17482
29716
6169
17011
13595
22249
3606
31659
14567
32067
5294
1347
9720
27329
17651
31238
29723
25862
12151
32103
6265
21091
9089
4683
13877
7565
19315
14336
16415
133
30379
4587
4758
29948
32511
18555
13945
24546
4443
15291
12008
14334
20885
15297
21555
12818
30946
28263
27983
7834
15193
2014
19623
15305
16231
18937
13541
22905
22250
30632
30946
5106
11932
9965
27394
1522
10267
16748
20626
29164
31595
26964
10715
6296
18639
22415
13388
9779
10919
30520
9602
7061
4051
12409
75
25338
16707
21901
27389
22150
7448
15790
15301
20309
2396
20322
966
4642
7918
29174
30864
22861
29176
3183
32459
25952
14520
24985
11714
22902
32222
9829
23504
23756
11489
16778
29957
26954
18270
9005
4976
17752
28098
8406
2026
22929
32359
24790
21515
30312
24070
10540
21912
6303
12265
11635
14065
13805
302
6823
5673
1235
27834
19104
9353
24614
14347
30876
29962
1264
18399
20727
23794
28038
20263
19998
27996
23658
24188
22455
25115
31000
19191
19969
18695
14497
2026
26630
11170
21383
29337
26929
24692
8833
1451
26152
28252
1870
21178
29922
31258
25118
26421
2149
31118
1235
31215
29778
30855
1742
31911
30118
6476
28503
2773
18297
6588
11814
29376
14535
24446
26838
27616
6090
3335
8551
4529
23187
7457
8113
25306
12079
29425
18811
27749
649
10934
27876
15958
20241
3337
27045
32303
6076
25619
24803
459
32477
7439
1126
7373
8917
1486
30037
21455
115
14132
25008
4605
6720
3598
24837
20584
1367
21458
11786
22735
10493
13478
23274
474
25893
11236
18377
1439
24582
23626
16000
5582
23029
1739
18642
10083
31949
21868
31860
24803
4191
32685
1313
27933
17075
11378
19385
2528
3171
23588
25231
25913
16950
8646
984
13942
17133
1901
24116
32148
17440
18021
20004
16112
19297
4287
17171
24105
8211
25379
26195
7601
4059
11761
25578
23106
27247
16515
8270
501
13754
7114
14056
3959
3251
5681
8652
31621
9171
10457
32288
8025
21187
22502
30427
28715
24246
10469
30969
246
19275
27685
3746
28141
3967
14537
26200
25506
21405
12234
18463
14805
1614
2670
23371
30533
29637
19777
9766
16342
19164
20032
3540
4655
32271
19186
31991
24052
2510
29300
17623
8989
28435
9576
32127
26419
2084
18391
5083
11540
10409
8318
2362
31482
20912
8855
8172
25059
18285
1227
27125
31779
6599
5581
8635
7590
23233
21356
11413
4755
16355
3833
8471
16034
7175
18669
30445
30094
31142
19477
16229
21094
26207
4474
9240
25291
17630
26750
23389
4146
739
15450
24128
27049
1088
19737
29155
2952
14945
30580
4773
23697
27659
28456
18754
24871
664
3349
1588
28294
16074
1910
899
24712
12339
15402
17485
15635
26166
13611
16997
18505
28253
31159
5979
10820
312
16857
15666
29166
1716
14494
13899
17384
30383
3685
11497
20057
21876
27117
8892
10145
1719
5938
4838
22906
3499
36
26139
7213
7364
9814
408
23550
18976
7099
18088
2373
17833
10715
7182
13975
18588
13786
19908
16190
20043
26451
7289
9557
17330
4722
8238
1973
17652
17666
16729
27775
10918
19904
9381
30578
9877
15692
6120
11841
29652
6346
7321
19905
32328
22000
11614
18855
4379
12827
11897
21325
10067
1914
32291
312
15456
613
25356
29666
15324
15371
18770
31724
26066
1910
30269
20165
3108
14369
9901
27198
11904
3281
15819
474
22698
21140
7527
5917
17561
30391
13319
28630
923
21266
29492
13715
26501
31720
31039
24639
31092
3063
14676
4320
15755
17459
3950
22915
18011
7901
2339
8794
32679
27244
8295
31533
28949
24416
20574
27495
3963
6164
8740
3360
32062
17019
20341
14046
20715
8316
29298
18041
23039
17879
25842
4024
20893
23416
17343
21908
12655
7048
16857
20002
30507
27104
9789
14832
22690
11717
11701
29311
13093
30170
3918
7649
28012
32171
11537
30848
28179
29445
5559
21317
5674
21030
3924
73
998
17087
22232
8819
26312
8154
18725
25376
31342
7857
6718
8534
28921
2352
31243
5110
8254
8878
28985
4177
1085
7161
5481
16077
22664
7435
3149
18888
1901
24697
25645
7297
30601
26066
7055
3208
2640
14781
28847
16360
24025
3439
16490
5276
19666
8611
4386
28984
27356
14438
28466
28274
23768
4942
2870
10084
21165
2837
15090
8069
30654
5863
23087
4456
26509
7284
12768
14698
14622
7902
16428
22655
14499
4993
13750
4656
13782
7043
26667
32683
31394
28992
27554
13931
1762
6180
7393
11521
23632
14177
24201
15395
29554
28370
16557
17564
156
23414
23001
22199
19398
27885
5145
7074
26135
11766
6435
4322
9972
10927
5878
7934
30037
25677
8095
14761
19759
721
16130
16752
18025
17246
704
15812
15486
7024
13492
14526
3446
26361
16713
24508
27882
9193
23455
28362
13220
30263
15643
29070
23886
2396
8959
15026
16850
32626
14459
21017
3397
23459
26021
26662
14137
19144
28083
14178
24917
14354
32755
19757
6360
16523
9536
10766
22235
32310
25353
13460
15908
1781
29787
19838
15513
7543
6617
14960
13129
11396
15535
11916
10970
27933
26707
21086
20194
1927
25188
12745
22010
19393
17422
15061
19696
21810
30124
16953
21236
15104
18376
22231
30654
31210
17273
30814
10118
2277
19223
5425
26764
3944
7462
22127
19999
11112
1345
5774
517
27406
1936
15799
26578
16732
12638
26117
30912
16497
475
8373
30215
2466
2868
13968
30783
17234
2363
8867
7183
22444
6819
645
4987
17492
2684
10306
22713
576
31381
4905
13725
6484
5864
31105
8857
17779
17783
24872
18044
5080
29817
21810
1989
15874
4817
1910
30651
24190
23015
9367
21565
9770
16607
9418
10279
21023
16197
3111
6522
23842
8101
23280
2955
11525
22967
10183
12177
12997
31880
8154
19073
13196
2245
2839
23034
19891
25204
31787
14351
15364
1564
20918
10993
2504
20776
18068
19271
30959
12128
32724
1378
7004
29108
9386
28746
25951
26941
26786
4667
10313
9707
16909
9552
31329
10892
27756
20526
12008
14055
12868
20075
6155
6804
16313
20674
18688
15902
19107
14015
31275
17885
27732
11737
18669
26782
9690
12949
5020
16829
15356
29772
19354
18701
15987
11840
16768
28401
12047
15843
9612
12479
28835
2978
31506
11634
19733
22665
14392
6230
4141
13157
19588
8832
11630
26810
12773
22767
31958
25201
7113
22394
22924
12472
23041
10624
22739
24992
32353
17381
15235
28023
18471
11099
16466
30510
18001
19125
21974
980
12664
32208
6666
20221
4349
3126
527
32302
13077
1596
10964
32001
10945
5853
13590
264
22378
16889
2603
12204
2760
30695
13738
20722
5089
21801
19796
30203
26489
29939
9418
26501
2837
11473
29679
4011
30108
743
23483
8018
27376
29945
19833
4896
28614
24089
1696
11997
23958
28101
18323
11234
13277
5706
2238
14501
2556
21525
3105
29130
21680
18176
1909
21164
20620
27495
32206
15300
3998
4531
11996
13843
20073
7158
26400
15303
25131
15975
32162
19329
18514
20392
17990
29343
30374
12157
22320
15864
6538
30125
280
7298
24975
11809
7071
8255
18569
14237
30848
16525
13988
6455
6966
20696
15712
8888
11564
25031
8919
6342
14121
8020
6174
3747
19940
29984
13471
21221
24532
2210
1947
2879
10823
29160
1523
23725
2886
25374
470
15000
30314
1320
9732
10716
20593
2084
6291
2317
4504
24438
24996
11754
11426
3997
12665
16510
24682
31921
8567
22316
19543
13650
21995
1815
9759
832
8060
23755
20910
18837
3831
7598
16181
21902
9964
1824
2336
22435
26205
2361
18492
12476
20194
2584
20871
16194
9001
286
9377
30831
5689
11262
21883
21829
28619
18455
3276
19454
16308
25101
7936
28438
16114
8227
13486
17522
21779
5038
22686
6467
9725
23379
25892
16641
163
32062
20175
19263
13728
22872
18119
27648
18864
5572
10675
32401
8729
20130
7735
1402
22098
30676
23649
8641
22618
20489
8012
3188
18912
16542
32102
26099
26161
27333
1337
12236
15146
32385
8298
17869
20881
25127
13569
2291
11098
24953
6436
11425
16595
10947
13503
9709
14065
25504
25005
30246
25957
28805
25149
24852
3074
8297
4186
10061
22585
22205
24287
18099
21265
22628
26530
1058
6463
14160
10135
26205
9153
2608
2506
1563
11587
10914
12346
21266
26721
24842
7419
28750
26180
7898
16078
30265
20065
31819
19345
22303
1543
1439
24127
7911
9465
2175
1341
13124
2121
10578
7337
19251
8392
25981
5387
20709
4773
20795
7567
22379
944
14162
1938
22881
11025
8717
18712
31630
25964
23571
4063
14573
30032
2607
22222
9845
2134
28703
21478
16457
14178
8503
24790
24503
2530
831
22230
11189
20610
11468
25274
28631
23729
1357
12128
8437
24040
18695
17396
27311
13751
15182
17060
25919
18583
31504
11693
28773
17107
27048
15020
13594
6227
5085
25167
26834
26630
15317
28890
17845
3662
21801
9094
27847
13051
14538
29838
21034
29974
10665
28401
12710
12358
25476
17457
18039
28882
17196
17743
29626
30740
13388
11863
11168
24112
24335
486
19823
23274
4451
13603
24872
12772
4349
30518
6384
31608
11155
1665
20850
20945
8400
1644
21086
16498
19637
16252
7883
16246
12778
20276
625
30797
24280
21443
23837
14334
9071
5853
22893
22048
708
16633
24371
11006
22109
14196
18863
18084
2512
447
23036
1953
5985
10416
29572
2233
28597
3904
20544
16034
20824
17595
8742
3703
31255
15667
13039
17676
22009
7577
26102
6187
27446
28913
5107
29151
9089
6545
21329
14310
10050
12884
19089
21040
27613
6242
29000
29689
32566
1199
15998
32357
26817
11583
8870
26277
1497
8192
41
17680
25370
23805
13460
2887
7312
1599
21134
7109
18923
16762
3294
4117
10354
5115
32681
2271
14862
9847
3807
206
6010
27492
15543
26914
23179
7951
17912
15637
28079
13173
25626
9199
16663
676
2391
28990
30860
31767
27772
2801
10718
21738
3098
13676
4246
4780
1073
24730
23377
25829
5628
5480
1548
9396
21357
26680
3794
23146
12908
761
180
31888
3335
5286
30319
11897
17324
6101
28173
19161
10088
16037
2479
26390
6623
10610
14850
5178
2548
14286
108
2327
453
32618
25262
16266
20687
727
15582
24346
31615
2518
29520
14417
5722
8568
399
11628
11291
17507
1163
3863
20455
1597
26010
9786
22881
5959
28461
11256
25905
16658
13093
26367
4951
3123
5115
32051
24557
5756
30752
18819
26365
17948
6210
25028
11344
1942
16948
1107
16350
14687
13072
3174
11750
2387
23672
29244
26129
7772
31344
31763
29313
9089
10833
18616
29192
18382
21728
30254
2848
13898
32391
4789
29827
2534
9315
14097
23122
26756
31383
31499
11840
14659
11895
25582
15142
28872
3224
2593
15243
25770
10160
14684
1647
7934
30744
18508
6767
13354
31950
29866
7907
26873
1624
13412
23600
1078
9012
18489
28145
11680
4429
1182
31798
3238
9083
13097
3715
307
4316
6328
3819
12964
1808
31351
30744
19686
11783
29582
18189
29864
30174
29361
2464
13687
25057
15006
31274
6163
21254
29679
1578
20487
10754
4158
9293
29910
15088
5869
20530
20894
9844
25899
16547
21031
16602
23079
4429
11449
18337
24100
16405
19824
8800
8271
25074
3524
26472
12036
26607
10831
29308
23707
25822
22406
23632
13870
22362
9079
8967
24304
2228
11951
14428
20795
22237
25427
13397
22229
28767
12540
10995
219
156
10932
16210
28024
5661
132
31965
15084
3083
21116
26993
10446
8869
19272
15913
5159
11431
19686
18380
27654
8441
4740
29189
27527
11305
29210
11273
12038
30437
22730
2068
10087
13178
22688
10395
5585
1135
16259
23089
3077
20960
1537
25882
18354
12903
11831
16584
17484
1601
21501
13937
26462
30907
24860
17313
21908
6323
26548
4268
14941
31898
5333
28222
20988
7300
21606
15001
17797
17272
13253
8478
32606
17002
30440
19218
24257
31661
27980
16852
1126
162
27005
22627
1668
27471
17304
22210
4061
11910
14579
5960
10742
12305
32037
15534
25538
32328
28519
29933
10062
18394
26275
2839
15659
12107
3072
30939
8154
16923
10710
18425
27743
30044
13608
8291
346
28125
4399
32745
26629
28184
5069
9986
15911
10793
12707
1523
15062
153
30729
23927
21168
30203
31694
19812
1737
18738
4273
11330
23700
11820
30103
18013
9005
10465
3543
19314
21712
30951
17076
32032
28043
32642
868
19547
14061
15792
6828
23613
19259
12510
6585
695
31664
15086
13356
29309
18881
15982
21681
31009
2544
12471
761
32076
15781
17448
27315
14782
15202
15824
22558
29275
24888
20768
14251
4310
6260
10670
9297
6651
31745
22863
1268
23463
21963
10332
21315
3643
28990
25125
12776
8052
9588
1748
2592
1173
31644
788
19944
25421
1519
27374
21369
19963
15788
4376
4332
10734
697
28736
13376
3580
22017
5745
8680
16087
18729
30528
20900
785
4962
20430
4451
10114
6141
12431
6477
20744
8359
30231
12647
7314
4569
3061
19550
25121
9500
5175
922
16666
16605
4125
43
23661
15608
29905
4995
18148
28227
8359
23244
16626
20
24836
10396
27349
32408
30862
1575
12632
20021
15999
21104
1625
3486
8679
25445
13358
361
22210
14163
29492
8184
10744
3108
20178
5217
10256
20426
13406
25695
25009
22741
13956
24988
1201
12925
20199
19761
32558
28060
28414
9658
10377
1730
22783
3154
14050
1875
5184
16135
16531
11829
19078
29238
3519
12584
27894
10895
15315
26720
20498
31991
30253
8707
5375
10553
32369
21104
22607
29252
5094
4383
16088
2777
19705
5491
26077
20764
11121
24813
3618
9639
10589
21689
23781
32470
24469
24853
19841
2040
27790
12911
15678
337
15439
1595
12081
32028
25951
31303
28855
23663
18925
2250
11630
12429
13380
4140
5542
27729
2644
21514
11816
27350
26182
14589
13792
12481
11673
21930
17256
5029
29094
10031
10618
13274
25215
23540
14554
7259
28026
1693
22860
14849
28513
28011
24937
30610
27082
8423
19673
25196
20185
24813
1598
9913
5755
10926
21331
15347
7318
653
15303
13796
12640
15422
26064
23604
13347
4258
12981
11354
337
16575
24939
22946
26132
31157
30949
9445
3042
28200
24844
8818
12905
19163
9201
136
13700
8928
24888
29226
30991
8581
27799
19248
7031
28690
31580
30509
474
25069
19020
1485
30881
14296
32315
9401
9803
14553
31133
32547
29605
8271
18108
4804
9847
1762
8372
24319
704
23631
1958
20337
21439
16921
5595
6384
3121
16231
20882
8483
23625
32733
16616
31746
1189
7598
14636
13641
9608
19855
7020
29278
14745
8843
5311
23771
25666
20776
24008
8728
9019
20463
31242
18833
28218
24670
4909
7672
15305
17832
20866
29545
19436
6951
22219
19559
20624
17442
21534
21495
7977
6521
10165
11043
9130
9131
28670
19906
13808
16917
17017
26240
2721
3505
682
11071
32036
25940
6894
7370
13547
24296
30863
15040
16843
5152
32641
17115
2089
2944
22907
28695
19293
675
19516
19851
1296
4784
5804
14777
26007
20681
23952
29147
1208
27028
15417
32579
25150
6397
24377
19945
7412
5820
22193
13955
29376
26278
19604
15582
16876
17436
26379
11136
32633
10861
30995
1334
26514
19985
29025
15578
24880
19916
26812
22496
1946
15253
1664
29094
26609
15565
26106
21146
21478
25221
11205
26364
24538
15394
11486
20774
27640
8462
31280
12550
8768
20367
4007
30553
9343
25370
26085
21304
21752
5380
26764
31889
12994
196
25471
19192
2478
13373
19892
10120
9496
31410
4829
17870
6161
11274
28568
6455
7691
11710
26874
13649
31232
17778
7218
21798
4017
22508
31630
32278
30035
20179
16177
19017
13658
26952
19400
32245
4773
23252
16203
4507
11656
28675
29724
14180
17672
19821
28301
9787
10506
6498
11776
21648
31918
11856
14237
26404
15748
26512
20473
15973
30957
12598
8558
28291
9004
23436
25739
4107
8139
29888
17328
8988
17572
11519
17662
12670
1423
14749
11310
21062
10548
21718
30280
15834
31002
26071
20136
21776
21958
30877
11168
17453
16237
15671
6977
30858
2606
31088
23446
4518
25112
22393
2233
25570
23270
31881
16399
30034
12473
1514
4969
29414
7621
10041
12695
20272
6920
27602
21861
30558
929
2764
574
3536
29760
17976
13933
27691
18997
6977
2965
7152
24218
9128
14574
17158
28194
8186
5476
13698
6453
1555
2455
16147
6275
5348
14221
18088
29088
28109
25381
22942
17085
15518
873
11916
2000
1810
251
14347
544
17149
9474
24175
30189
27473
25543
27302
30348
14315
32496
6347
28051
6602
27249
24166
17319
23046
29199
2068
30456
22336
30496
1376
13346
18905
30672
8992
25951
5663
3439
17291
7098
28403
17840
1031
4325
27828
29257
21954
25499
5548
10714
27993
11324
23380
13097
26291
9931
3585
1996
11411
9853
11829
27405
21666
3309
27411
24180
16362
29884
6392
696
19177
15358
22167
31028
26520
25565
31127
18616
27440
29321
12043
13945
7247
16219
18995
4666
31366
8371
6491
25478
18035
20312
23194
1623
2253
27963
28420
3753
6485
27850
6880
11043
14843
26511
194
28632
30889
23199
20524
7465
4183
4259
2084
13606
1789
776
9245
13615
31147
8170
1938
20879
22414
25116
26436
23494
26736
17567
19165
17573
20921
27717
20754
20182
7530
19919
11319
5940
11414
22949
1733
8838
26745
2053
20367
291
31125
18482
30599
32728
30525
32353
13580
26603
8949
14792
21717
2931
20834
13649
1714
21381
24973
19563
13584
25415
6840
30030
10461
29936
32735
21740
2346
32422
5400
13248
9600
9057
29636
9702
18774
1063
19565
25719
28131
29498
13982
2215
22822
2880
25087
24858
9938
30378
17573
27734
17754
18205
1069
25879
30001
7432
8490
29335
20355
30673
4060
29606
18825
32449
2740
1530
2930
17066
28290
22902
5398
11334
21255
7702
29334
32308
13383
29711
21242
14947
23921
20095
20782
20908
9913
4922
7545
6570
7582
10752
1948
23368
4826
23275
17132
18486
5747
8612
28649
26418
13434
25829
16705
26557
21742
7226
32762
17607
5274
19299
30241
4856
32579
21100
26835
15371
4821
7642
5085
22992
3781
25177
6456
31128
10904
2599
17524
15906
25712
17487
24706
21709
13148
14849
13384
5821
3010
8047
26923
13655
11284
5949
18430
11597
16195
29226
28440
28033
27597
12929
25522
29115
358
8642
1741
12282
29009
13456
10817
17940
6662
11766
12328
28517
3756
3719
5587
30285
64
3106
15678
22716
15753
6889
2487
32058
3226
1204
1125
12676
11935
8159
7845
15736
25835
7705
13932
18718
6687
11086
12485
7386
18878
7684
21207
20371
29185
29348
10082
25281
18132
15673
12938
21199
27514
27296
22641
4431
13017
5048
23988
5466
26555
23397
1838
31527
3385
27516
15088
15402
9199
24716
22996
11367
28666
14134
30958
6214
15538
8916
27014
6890
21289
30616
26668
29113
30470
26788
17510
18790
7013
11773
335
9348
10206
9655
27878
12038
1324
20752
15119
29715
15282
24138
29202
23203
23776
19946
4694
28012
7199
27452
27263
29710
31362
2981
23357
9923
29293
29963
22885
8170
6752
19709
12973
20626
27781
19035
27635
27094
32061
23656
31865
9540
27949
17512
23091
2639
26849
22159
1969
10785
8671
32556
29746
11654
5705
15140
4288
20413
7921
11345
21415
14566
21533
23618
17369
13365
9459
29958
13354
26980
31857
3977
3206
2819
13703
2937
32519
28484
2796
11654
3473
22567
3202
32468
18628
24394
7348
9335
24265
2900
29868
30381
13017
1087
4290
27610
31428
4065
7584
11732
1237
3497
4217
9190
29323
16204
24102
20708
21474
17338
1517
10974
3140
6594
20312
15271
1902
29056
13071
16080
4964
23182
21156
21896
2139
25323
30173
16403
24047
6291
2976
26049
12604
3857
31857
13662
29016
1056
8445
3601
13894
19768
25201
11240
21384
13489
29355
1936
8302
27198
13482
19126
15660
17937
11216
3931
24323
29952
30344
903
15671
11864
25850
13296
29588
6341
2033
11228
15963
3246
5163
16146
333
1246
25948
8274
2376
30035
19978
12060
6088
27365
4358
30410
3311
30007
4627
22782
15464
4367
13050
26299
17001
8335
13886
27142
22964
30026
29141
30460
29588
16772
31686
10562
23112
26481
21810
29209
26080
12500
20359
1605
25401
30774
23808
24893
4982
26963
7656
6861
23217
29664
18382
18129
6063
14190
21151
6508
23293
25565
8114
13013
26853
13254
11993
27918
27702
6150
22749
26046
24895
12245
31157
30644
9320
30963
29542
29368
19121
19625
14787
20817
15020
19157
8017
7688
29144
17704
1227
28350
14987
15847
19683
27046
13718
15997
8761
869
3532
28575
29111
20020
22113
21583
15639
22310
22948
29831
31674
7971
1434
30480
24973
8762
14337
31007
7902
11754
13605
17547
8314
24141
20018
1063
29670
20867
7189
20733
17085
16301
11418
23445
13192
17304
1709
31816
7630
1857
1217
26299
21648
3725
8488
30954
1358
3724
15692
32599
25943
31169
5738
23109
9512
11747
18048
21233
1186
29350
8623
14118
28623
10519
24584
1975
7687
11570
29929
5988
28341
19085
10006
28454
20337
20723
21544
25805
643
6797
26810
14085
29662
5351
4602
30140
10372
15530
26550
11212
2702
14994
4446
28442
15417
2674
28206
16588
24184
26994
972
7949
15938
1738
128
2249
26358
28828
12267
7125
25850
1249
29994
20759
31854
19716
28815
5839
15974
17828
26587
916
6809
21475
1560
18228
30903
4120
18464
28997
7173
17183
31224
24181
29061
182
32525
2704
18186
7628
2970
30584
5599
3241
1811
15394
2835
24014
17052
17388
5994
21976
13292
27387
25403
26422
12339
11160
16514
16328
11449
27753
9073
10015
13213
11484
18281
1813
9977
28007
18077
15540
7276
20252
2395
22459
5114
21036
2290
5619
14964
22567
9457
30619
8882
9957
11522
8570
2117
7904
19406
7128
8058
18339
23389
32349
25607
14823
7295
3323
25515
8363
25449
9613
28090
32104
1758
12156
16223
9986
14372
31821
8
22512
10599
1002
20416
28279
6169
27186
18719
19233
14089
3427
10064
20149
5106
5370
1355
14072
30851
32647
21603
1311
26709
27687
20965
26537
14538
4961
6265
21171
14703
21213
32145
32342
4053
5324
32296
20442
15924
5771
23676
200
26648
9822
7265
26831
17863
15589
9440
3623
19569
26756
28981
7911
28610
21218
17387
14643
30681
32502
5467
20148
11525
31835
4933
23425
14271
4244
9680
15696
29569
16280
20853
31843
2097
6972
17786
8134
18382
24108
28083
20170
20141
4391
17214
18952
9819
16827
8181
12186
1288
32049
28167
19406
4082
31838
7709
10688
10183
6659
23051
11350
3211
14127
13141
21901
30079
8004
521
26361
4251
2088
15633
18132
16063
6578
13482
17342
3488
9501
19530
19424
174
17386
23149
26341
31142
18714
5582
23524
10342
5047
28784
26676
29998
29804
79
6811
24866
11455
28976
25464
5739
30570
32362
14042
19675
29899
32665
16963
26067
17101
31432
5356
20033
16519
211
21593
31175
8540
26887
29836
28828
12134
6960
4618
30015
15554
14143
21300
20599
22385
30867
7108
191
6628
5052
18616
26226
2077
18885
23501
18622
23699
26982
23527
16015
15880
10347
11174
30457
30177
18579
30118
5781
13187
12917
20202
13167
32150
13289
23599
27943
26256
18093
18595
6085
18695
8428
7212
13525
12632
23458
7411
16744
13763
23597
17593
7255
28630
8590
16296
24365
19622
536
20602
17505
4197
7606
15610
25444
5307
16833
6695
18677
6730
8031
13408
26736
25704
13449
21258
2156
2722
14002
12735
9376
11867
2809
2808
31104
2023
1983
21655
24020
9954
29252
5600
30176
26590
30105
26759
20053
23230
12828
31123
25418
17269
4636
15719
30861
10239
4876
8741
31535
27899
2480
12547
25235
23178
20394
21324
24019
32747
15314
12802
26434
25043
2073
30218
26577
3822
21034
28492
1215
15334
12783
32194
6337
20148
23345
17963
32763
29473
22200
31405
19064
11593
22076
16135
8098
28586
8415
21016
19319
4265
27397
17863
15872
12264
17800
16001
15034
12990
4313
21656
29867
16282
14734
27937
17913
9827
19105
20023
8169
21025
20393
5325
20203
26402
3940
5696
26834
27486
13404
11030
1968
31327
10883
8697
7254
6894
16838
21529
30616
27725
22696
8788
32683
86
15281
32466
19761
1052
9350
31343
25254
19563
25228
8155
15349
30333
20174
24754
1959
16906
17200
23606
2511
16537
8995
756
10813
10923
3628
18631
19160
24795
26514
26713
29857
17585
29627
9471
14138
31100
24710
15925
21417
14692
7208
22342
27217
8677
28499
1472
10210
3197
13821
20704
17020
825
25408
9594
15008
5697
15908
25582
18309
3595
10253
16088
2459
16203
7110
2282
75
27198
13825
10426
31674
9960
3909
21281
19460
28748
15270
25469
27428
9907
31411
19467
10738
28606
23515
20560
23936
13116
30108
691
28932
3316
8874
7515
30723
18099
12610
5200
12269
4315
25238
11162
16595
14308
11349
8508
16314
7397
14490
16049
32542
24175
27938
30692
18507
29001
7531
31956
30801
24952
20762
19591
22391
8577
21391
5249
16316
9680
7794
3001
17735
5477
28850
23348
23629
1376
14637
24188
21405
3906
24322
13545
30394
30562
26041
3631
3077
25345
6932
29008
614
5923
11278
30212
14462
11079
31784
30387
10096
20305
29727
21917
399
5777
14466
5061
12825
18551
9482
25326
5705
27212
20137
31636
29604
22941
2046
27349
26848
6639
17193
27874
7120
14847
23487
8603
31467
4026
14794
15097
22358
5061
12582
32763
23957
14130
21088
15600
2074
2640
19980
17889
29031
31041
29333
15165
29377
7358
20933
5338
20387
31554
19696
24547
22629
11054
11871
5010
9608
24202
25550
13229
18668
22103
17049
4315
17701
23204
25469
20532
12542
15961
31152
24558
9156
24083
20777
4240
14516
30522
14230
1827
16113
24278
3960
13166
18212
23638
27451
19465
16391
25469
27320
30308
27812
16462
1071
22648
29879
27046
24467
29313
15219
11364
1525
17902
25018
7391
12573
10204
31681
593
20081
12
26576
20541
8854
19649
20615
31450
11867
803
6459
19805
16397
24746
31527
24577
7338
14294
101
5493
30691
3533
12897
14256
12911
21659
24071
22888
22513
18553
17811
31670
14359
14135
20639
20086
29402
4217
21957
7883
26027
23431
12561
3293
18063
31735
24506
29893
2790
23760
13561
5289
12035
15191
10503
12789
9463
8282
12205
21995
26116
27552
7435
27171
15733
4539
16087
24773
20304
15638
3746
26587
12999
24321
24763
26451
13679
13898
22278
31244
20132
6861
19932
25385
16423
25770
29621
11367
31356
8609
8015
14074
6636
5045
10565
16422
15368
28273
24597
18554
24784
15695
11368
4209
18712
3711
1324
15085
24227
17708
7070
21175
10849
3807
5672
16932
9818
7404
5135
5425
28099
16760
21044
1045
19604
19129
26679
10136
12943
1425
13775
181
10610
12757
17910
27103
30592
18256
30348
1169
3330
11589
17465
15970
17884
4469
18528
20020
21753
32100
19903
24120
22778
16111
30014
3841
10211
20360
10656
223
24975
13337
5931
21615
3980
23830
30741
29171
15093
26331
32187
9960
6589
27024
13195
12951
9350
7991
10228
13174
18617
10839
25359
7072
26627
26289
8001
5839
13646
14550
13967
13174
24471
30928
32001
26948
9513
32231
4313
20417
23445
22242
20584
3918
6316
3979
11315
9460
20228
23269
11819
14118
21883
20954
6488
6339
21115
10638
20574
9727
20796
25815
8332
4112
22358
3668
24221
26087
28998
29714
1254
28924
25929
15178
13869
32084
29387
10243
2126
188
1159
28507
26692
2152
15344
24957
11958
27492
20615
3691
18292
16635
18072
20122
6922
20665
17949
25147
21155
32729
7984
19096
6523
10501
16311
10644
24739
17547
9738
1131
23975
15007
27170
9772
13471
22598
31950
29898
18087
16881
30218
15481
28546
28391
14884
26116
24931
29842
17786
2483
8433
23857
31458
20389
2227
18118
13768
31502
9056
14049
14068
28884
9090
144
14599
15948
16473
25925
14201
14425
31484
22671
15261
29659
24553
2514
31150
17647
28979
7704
24389
29989
9721
7716
5378
32609
24299
22380
17667
8992
19445
6248
5031
1064
14567
2988
2280
29899
2014
20486
27153
19531
600
3587
1925
29166
31354
13704
17302
2674
3322
12205
10239
3434
29257
23096
25527
12813
20097
10890
26501
9741
24313
2222
11794
20026
1994
9793
10468
17452
21322
20699
12990
31236
17042
13086
15873
2819
3796
8478
30684
12454
5107
2833
19146
14064
5255
2146
11443
20064
23234
20512
9951
21340
23796
16890
16941
21305
32040
2150
14270
20988
13756
32494
2168
19711
13420
15828
18347
24099
4148
29096
28436
17302
22539
5642
11714
23168
17025
20260
26087
24162
20653
11283
18868
30548
25191
11468
10028
2746
24358
24567
29184
11561
32055
24313
1273
9027
19813
22263
15131
16829
10695
26694
6459
7491
27690
3973
10967
15201
3853
20841
32524
14090
19396
20941
4453
15235
14703
24709
23249
4324
2173
8098
5910
26048
24025
10055
21365
24769
30768
17250
13271
14662
27167
18701
6772
22363
19335
24015
29810
13241
25955
1838
1406
27406
6483
21205
22723
12368
11430
30913
1455
25391
30795
11815
13564
10732
3379
12773
26680
3617
18045
24885
5855
26143
7682
16380
23202
5664
20345
24961
7558
26
20522
8485
13342
31756
15418
16222
70
4437
7357
30047
21086
19977
29798
9246
27184
15839
18721
25526
26835
19517
27856
28183
20005
15805
8110
12639
2679
26681
14664
17724
15030
17470
24463
29536
31022
26403
28362
16954
3727
2978
27298
26868
3895
7963
23883
2290
4070
7586
11264
31428
2813
6406
8142
12008
21949
12743
21485
11671
27812
16368
24848
12583
19243
9824
12735
20617
10521
1475
467
26250
4511
8561
22798
22642
18575
23143
25807
9399
9173
13419
7360
14589
5207
13649
32089
8958
6844
30560
5356
21871
7715
14083
26361
9639
17731
32417
10943
13012
10299
25290
26151
14569
8290
19371
371
24781
28051
28899
9018
4188
9906
11461
212
9125
18413
22567
11613
1169
5119
3041
12823
16034
21718
26693
26074
1641
3765
10877
9875
23072
11153
22980
30074
27376
30175
10865
13638
11963
18410
663
15435
10324
27127
3582
18913
9268
29102
339
9525
5233
10997
32264
1507
15907
6705
23588
25558
12122
5192
19140
25412
12435
14998
30529
5230
25554
3731
9385
8530
17582
22906
31748
18623
17797
23662
30524
22169
5911
15732
24085
26123
407
32597
19555
7718
10882
5521
8435
26020
19353
28428
11265
8047
20708
28230
24923
23360
458
10353
15140
31563
15667
14502
14299
12374
32625
3361
15569
1276
2952
27023
18803
20405
12861
32255
17443
2998
7012
26385
17349
22783
8457
31869
6464
24566
14911
15914
276
3612
11321
28935
9486
25714
17728
8053
4415
5801
32434
2727
12592
4171
27675
447
24121
15219
12883
13367
16642
8700
28555
23491
1663
7873
27830
21896
8198
11569
3164
3603
11791
3367
17035
31913
24977
7779
6842
20602
14477
26160
9465
9075
10754
15497
31583
16085
24862
13663
15369
20357
31004
17117
2687
13735
15162
5740
22017
1594
6365
8624
28198
18387
18495
18344
1544
17427
6443
30934
29951
12264
20103
9930
17294
22894
25661
8438
7569
21805
16171
19356
8022
3298
5208
31617
5715
24913
17379
8818
17657
27803
29223
10894
2039
12033
14720
18883
20607
6113
24849
27963
5619
15145
18166
24443
24295
13262
29132
18518
17695
21229
4404
11295
30326
29735
31705
14998
31312
20084
29074
29952
9569
17162
3825
19469
5948
8227
32488
32141
1237
6246
11315
4099
2717
9570
6454
32679
25033
8712
29125
28202
24863
32136
8764
20586
31910
9151
30511
2947
25137
18828
17560
2844
9009
17303
4071
14948
13076
3968
18192
11291
29813
28713
27501
31156
28988
18033
24070
711
7205
3512
22633
32282
12468
11216
5282
26702
6504
18139
5837
5708
7869
23825
20267
26208
28376
28407
22907
21221
25834
4846
25521
18740
8359
32231
32312
22214
7685
2607
26915
18793
13045
20710
27153
22095
12982
5331
18352
18430
17981
28324
5741
1496
994
12885
15604
24847
20118
10525
25590
28996
19502
16018
7574
5145
15372
27337
23752
9177
11424
31056
16681
17241
18240
27525
12347
15833
5414
7150
27089
15456
7232
20729
10587
25196
21585
22625
4674
20151
630
13523
13779
23330
26972
18801
20360
12962
26037
5414
19300
27001
17716
4805
2581
5617
21258
29861
12962
742
5780
30412
29126
12385
20229
31420
9479
11338
28255
21172
26730
16599
11777
24933
27577
29831
9307
699
4221
13224
6651
19500
13960
21711
15253
22888
3570
16557
23438
28764
27998
2726
23299
27923
13367
18132
16386
30748
15537
14037
12883
5850
28581
31533
30106
7983
30116
8798
31677
4324
17433
4592
31583
27975
32182
1157
31058
7968
3703
18279
30446
9170
24905
23429
10955
14191
32502
26150
9542
23519
15074
3040
30150
19632
21834
16062
28847
16956
18302
29076
28337
27684
22291
21021
16197
8149
32631
2718
16770
28092
3457
14716
20989
23922
17832
17300
28466
29528
22349
18010
31766
15532
30094
1332
24617
21203
23408
24153
20047
29314
26131
17785
18488
877
2456
12349
7412
11889
12697
2300
12885
6745
1588
24226
5560
13181
12377
17465
15234
9679
1976
5140
20792
22574
1823
20427
16842
32634
19913
7530
29773
5203
9613
4753
4927
22406
25262
15646
10154
14985
17767
14624
2739
7500
1581
17782
7137
6109
805
13720
22284
5148
5277
30683
32592
5992
1165
32197
23210
28127
6955
20304
20412
31238
30005
2825
8843
3896
20868
27587
29010
28099
20043
19299
9543
7774
2292
30464
18825
7245
12979
11759
19632
29235
13358
4546
7962
5095
20039
15673
17132
26737
299
19571
18558
32564
25065
10081
30981
4405
19771
8171
21737
11614
13595
18241
14336
11999
21636
29237
8762
27127
32730
25879
5180
19099
15336
15166
2552
15770
1198
30182
31789
4034
26641
24905
23118
29836
20952
3536
2758
29906
22926
22151
25741
2369
26037
4381
11802
32078
23657
18413
14886
17517
4754
21872
21251
4121
13402
10053
17324
28642
12971
18209
8450
26133
13802
24909
14252
11197
25227
28251
25942
6551
11032
4192
20628
29501
25646
21204
3164
16925
11577
17447
599
20761
1149
2099
6365
1282
30594
19031
13472
14215
8049
21118
9823
22542
21509
23258
23683
25073
23863
3016
15289
8213
27260
15576
26222
31695
30869
22917
24973
6776
6668
26393
27213
6800
14815
11898
5307
9937
5020
11235
3386
4393
19552
25762
3676
4263
24798
22771
32008
25204
24399
23028
23722
28796
2670
29569
22085
28268
11227
4951
28391
15238
1838
32276
30493
22808
26265
2780
6673
999
20612
17492
10115
16069
19718
31015
11653
8951
16042
20453
3703
24288
28164
3688
30561
14790
17959
22558
25958
23358
4776
5617
12636
20016
30954
6725
17756
17047
8154
31004
22026
19127
31111
18598
26455
10871
14273
32311
10391
31060
13350
22097
13289
23683
24054
4214
2363
8179
18560
29723
18583
21978
4018
13343
1495
3960
25608
27804
13185
10866
23954
28417
1728
19587
20692
19832
11097
15700
10256
3560
13425
3020
11948
30361
32449
25035
1423
5507
8173
21278
13296
28266
16739
6011
12359
21966
699
25680
32169
9013
16392
32413
7187
30770
26250
5745
11556
13899
5703
25414
18246
6990
21716
24037
2832
659
12983
19501
26611
9507
23606
14774
32244
17792
12423
19511
28405
17991
15893
4665
3194
31489
23234
17013
19730
5643
29615
14394
1241
25344
17943
24427
15912
4527
16476
9846
11937
5603
5901
10513
17231
13510
4296
23242
17724
17390
26618
2331
30843
30738
14720
23693
24630
10485
6561
14276
31784
27231
11174
20622
27570
12114
2048
4953
31933
12265
6266
13846
10245
8238
21646
27022
2115
15035
5052
20325
12064
13672
682
2558
23341
7489
25490
17997
9247
4668
23149
29297
10420
6202
16026
15028
15634
15871
27226
24349
1808
30195
27340
18886
10031
21473
8786
25795
30141
31082
17856
6777
23470
20814
2253
4246
7551
22713
11044
26347
30688
22369
20494
7114
4007
26627
23091
31718
25553
1615
27413
170
24762
9954
3856
11671
18071
5510
27714
570
31343
11602
14613
20702
30357
21956
2337
9490
24575
2432
295
18312
20600
9777
4178
11511
16144
1141
17557
24425
11657
18148
25719
26723
29141
29789
17597
11046
7239
17619
15407
21146
13034
16167
25228
12223
25862
19061
8696
32001
31833
22629
32709
1333
7886
7573
24169
31602
22224
9448
22462
21920
22467
3680
32567
18359
26646
9672
18264
11210
1599
19799
18440
21358
7786
1542
14519
14705
21799
8505
32532
10657
24192
30853
1915
30002
24559
4647
24651
947
10774
17437
27041
7650
15730
15839
20199
27239
12204
26094
6150
23654
23876
25549
1071
684
6693
6907
9856
25558
18287
6401
19020
8717
18714
576
27434
12731
12653
6435
9596
16727
3687
25493
4362
1025
9934
25520
28192
16289
4120
26521
4736
18353
599
27383
11166
26001
17716
2922
15069
8938
22876
28410
531
21893
20660
6985
10102
2923
19063
27599
16234
28972
10917
24199
9940
27927
21972
32649
7966
7630
31120
10165
30954
9480
25685
24374
32305
32682
5560
1018
22018
30414
4843
22219
1477
28762
24899
11131
16590
16493
3764
4604
29068
19593
24842
7034
5770
4068
29160
24297
27130
29631
20885
19918
27434
21085
11833
26063
9160
30671
30375
9942
27202
25920
28146
24330
12062
793
11364
12307
21562
30226
26031
32240
26001
26758
27804
19409
11767
176
30474
23438
2632
8624
20162
27019
22008
24835
25747
14606
1755
23532
5280
25309
18871
12813
7492
12503
18441
3340
25069
14509
5376
2922
10545
2546
18869
24160
17527
14648
26559
23542
6521
1350
32394
28078
3201
2185
10596
11691
29470
2096
19722
31658
6816
8158
32464
11169
13332
25972
20157
8757
5676
22822
673
20311
8637
22990
13089
31279
30585
18127
27899
4288
32354
9792
3541
22837
24607
16110
11578
28364
27689
8630
22561
1012
23748
26952
18428
19246
5148
28975
27506
16423
3397
21518
1738
28880
14743
17572
11009
9993
24723
5383
12267
16129
6952
3164
19010
