4
8
8
12
12
20
26
31
36
41
41
43
46
62
64
65
70
73
75
75
79
86
86
93
95
101
104
105
108
114
115
128
132
132
133
136
144
153
156
156
162
163
163
163
168
170
170
174
176
180
181
181
182
187
187
188
191
194
194
196
200
200
203
206
211
212
219
223
244
246
251
260
264
265
267
269
275
276
280
286
286
291
291
295
299
302
302
303
307
312
312
327
332
333
335
336
337
337
337
338
339
346
358
361
369
371
384
386
390
395
399
399
403
407
408
411
412
416
421
432
440
447
447
448
453
458
459
462
467
468
470
474
474
474
475
477
482
486
497
501
512
517
521
521
522
525
525
527
531
536
544
545
546
551
570
574
576
576
583
584
586
587
590
590
593
593
595
599
599
600
606
613
614
614
623
625
630
634
635
637
643
643
645
649
652
653
653
655
659
660
663
664
672
673
675
676
676
682
682
684
687
691
695
695
696
697
699
699
704
704
707
707
708
710
711
720
721
722
725
727
733
735
739
740
741
742
743
749
756
761
761
764
775
776
785
786
787
788
792
793
803
805
805
813
814
822
823
825
825
831
832
841
845
863
868
869
872
872
873
873
877
878
880
888
898
899
902
903
904
908
915
916
922
923
929
934
940
942
943
944
947
960
966
972
980
984
994
997
998
999
1000
1002
1006
1012
1014
1017
1018
1025
1031
1035
1036
1041
1045
1048
1052
1052
1054
1056
1057
1058
1060
1062
1063
1063
1064
1064
1069
1071
1071
1073
1075
1076
1078
1085
1087
1088
1097
1098
1100
1107
1119
1125
1126
1126
1126
1131
1135
1135
1141
1149
1157
1159
1163
1165
1169
1169
1173
1182
1186
1189
1198
1199
1201
1202
1204
1208
1208
1214
1215
1217
1219
1226
1227
1227
1227
1231
1235
1235
1237
1237
1237
1241
1246
1249
1250
1254
1258
1264
1266
1268
1270
1273
1276
1282
1288
1288
1296
1298
1304
1308
1311
1311
1313
1315
1320
1322
1324
1324
1324
1330
1331
1332
1333
1334
1334
1337
1338
1341
1345
1346
1347
1347
1350
1355
1357
1358
1366
1367
1368
1371
1376
1376
1378
1380
1398
1402
1406
1423
1423
1425
1425
1430
1434
1434
1439
1439
1443
1451
1453
1455
1457
1458
1468
1468
1472
1475
1477
1480
1485
1485
1486
1490
1495
1496
1497
1497
1497
1498
1498
1503
1507
1513
1514
1517
1519
1522
1523
1523
1525
1530
1533
1537
1539
1541
1542
1543
1544
1548
1550
1555
1560
1563
1564
1571
1572
1575
1578
1581
1585
1588
1588
1594
1595
1596
1597
1598
1599
1599
1601
1603
1605
1605
1605
1614
1615
1623
1623
1623
1623
1624
1625
1632
1641
1642
1644
1647
1647
1658
1663
1664
1665
1667
1668
1675
1678
1693
1696
1697
1708
1709
1714
1716
1719
1728
1728
1730
1733
1735
1737
1738
1738
1738
1739
1741
1742
1745
1748
1754
1755
1756
1758
1760
1762
1762
1781
1789
1792
1797
1806
1808
1808
1810
1811
1813
1815
1819
1823
1824
1827
1829
1836
1838
1838
1838
1838
1841
1847
1857
1870
1875
1879
1880
1901
1901
1902
1902
1903
1909
1910
1910
1910
1910
1914
1915
1925
1927
1929
1936
1936
1936
1937
1938
1938
1941
1942
1944
1946
1947
1948
1952
1953
1958
1959
1961
1965
1968
1968
1969
1971
1971
1973
1975
1975
1976
1983
1984
1989
1993
1994
1995
1996
2000
2014
2014
2023
2026
2026
2029
2033
2039
2040
2043
2044
2046
2048
2053
2055
2056
2061
2066
2066
2068
2068
2073
2074
2076
2077
2084
2084
2084
2088
2089
2089
2092
2093
2096
2097
2099
2102
2106
2107
2114
2115
2116
2117
2119
2121
2122
2124
2126
2131
2134
2139
2146
2149
2150
2152
2156
2164
2168
2171
2173
2175
2177
2181
2185
2196
2200
2210
2215
2222
2227
2228
2230
2233
2233
2238
2244
2245
2249
2250
2252
2253
2253
2253
2263
2268
2271
2273
2274
2277
2280
2282
2290
2290
2291
2292
2298
2299
2300
2317
2317
2324
2327
2327
2331
2331
2336
2337
2339
2346
2348
2352
2360
2361
2362
2363
2363
2369
2373
2376
2378
2387
2387
2391
2391
2395
2396
2396
2415
2417
2423
2424
2426
2432
2438
2452
2454
2455
2455
2456
2458
2459
2464
2466
2468
2478
2479
2480
2483
2487
2487
2488
2500
2501
2504
2506
2510
2510
2511
2512
2514
2518
2527
2528
2530
2530
2534
2544
2546
2548
2552
2556
2556
2558
2562
2564
2571
2581
2584
2592
2593
2594
2597
2599
2603
2606
2607
2607
2608
2608
2613
2625
2628
2632
2639
2640
2640
2644
2650
2654
2665
2668
2670
2670
2674
2674
2679
2680
2684
2687
2697
2702
2702
2704
2714
2714
2717
2718
2721
2722
2726
2727
2736
2739
2740
2745
2746
2758
2760
2762
2764
2765
2765
2769
2773
2777
2778
2780
2790
2792
2796
2796
2797
2801
2808
2809
2813
2817
2818
2819
2819
2825
2829
2832
2833
2835
2837
2837
2839
2839
2844
2847
2848
2851
2857
2859
2860
2868
2870
2879
2880
2883
2885
2886
2887
2892
2900
2905
2907
2914
2922
2922
2923
2924
2930
2930
2931
2936
2937
2943
2944
2947
2952
2952
2952
2953
2955
2964
2965
2970
2976
2978
2978
2981
2988
2994
2995
2996
2998
3000
3001
3009
3009
3010
3016
3016
3020
3032
3039
3040
3041
3041
3042
3046
3048
3061
3063
3072
3074
3077
3077
3077
3082
3083
3089
3098
3105
3106
3108
3108
3111
3121
3123
3123
3126
3132
3140
3149
3154
3155
3158
3164
3164
3164
3170
3171
3171
3174
3175
3175
3183
3188
3190
3194
3197
3201
3202
3206
3208
3209
3211
3224
3226
3233
3238
3241
3241
3246
3251
3252
3262
3272
3276
3281
3283
3290
3293
3294
3294
3298
3301
3307
3309
3311
3312
3313
3316
3318
3322
3323
3330
3335
3335
3337
3338
3340
3346
3349
3356
3359
3360
3360
3361
3362
3362
3364
3367
3374
3375
3379
3380
3385
3386
3387
3388
3397
3397
3397
3413
3422
3423
3425
3427
3434
3434
3435
3439
3439
3446
3453
3454
3457
3471
3473
3486
3488
3495
3497
3499
3505
3512
3516
3519
3524
3532
3533
3536
3536
3540
3541
3543
3558
3560
3561
3564
3570
3574
3580
3582
3585
3585
3585
3585
3587
3594
3595
3598
3601
3603
3606
3607
3612
3617
3618
3623
3628
3631
3643
3646
3646
3662
3668
3673
3676
3680
3681
3685
3687
3688
3691
3692
3694
3696
3703
3703
3703
3709
3711
3715
3719
3724
3725
3726
3727
3730
3731
3746
3746
3747
3753
3753
3756
3764
3765
3768
3771
3771
3772
3780
3781
3794
3794
3796
3798
3799
3800
3800
3801
3802
3805
3807
3807
3807
3819
3822
3823
3825
3830
3831
3833
3836
3841
3850
3850
3853
3856
3857
3858
3863
3870
3879
3886
3890
3895
3896
3898
3904
3906
3907
3908
3909
3914
3918
3918
3924
3931
3940
3943
3944
3947
3950
3957
3958
3958
3959
3960
3960
3963
3967
3968
3973
3973
3973
3976
3977
3979
3980
3997
3998
4003
4003
4006
4006
4007
4007
4009
4011
4013
4014
4017
4017
4018
4018
4024
4026
4027
4027
4034
4039
4043
4047
4048
4051
4053
4058
4059
4060
4061
4063
4063
4063
4065
4067
4068
4070
4071
4082
4085
4094
4099
4107
4107
4112
4117
4119
4120
4120
4121
4125
4131
4140
4141
4144
4146
4148
4158
4171
4172
4174
4175
4177
4178
4181
4183
4186
4186
4188
4189
4191
4191
4192
4193
4196
4197
4200
4209
4214
4217
4217
4221
4226
4236
4237
4240
4243
4244
4246
4246
4249
4251
4252
4258
4259
4263
4264
4265
4268
4272
4273
4284
4287
4287
4288
4288
4288
4290
4294
4296
4302
4310
4313
4313
4313
4315
4315
4316
4316
4320
4320
4322
4324
4324
4325
4328
4329
4330
4332
4340
4343
4346
4349
4349
4357
4358
4361
4362
4367
4376
4376
4379
4381
4383
4385
4386
4386
4389
4391
4393
4393
4394
4399
4404
4405
4409
4415
4429
4429
4431
4437
4443
4443
4446
4448
4448
4449
4451
4451
4453
4456
4460
4464
4469
4474
4484
4491
4496
4499
4502
4504
4507
4508
4510
4511
4518
4527
4529
4529
4531
4536
4539
4544
4546
4555
4558
4561
4564
4569
4574
4587
4588
4592
4593
4593
4594
4594
4602
4604
4605
4607
4611
4618
4618
4627
4631
4632
4636
4642
4647
4655
4656
4665
4666
4667
4668
4674
4678
4683
4689
4694
4697
4706
4722
4732
4734
4736
4739
4740
4747
4753
4754
4755
4758
4767
4773
4773
4773
4776
4780
4781
4784
4786
4787
4789
4802
4804
4805
4807
4807
4812
4817
4821
4826
4829
4838
4843
4846
4847
4848
4850
4851
4856
4858
4861
4869
4872
4876
4885
4888
4892
4896
4897
4905
4909
4917
4922
4927
4927
4933
4938
4942
4942
4947
4951
4951
4952
4953
4956
4961
4962
4964
4969
4976
4979
4980
4982
4985
4987
4989
4990
4993
4995
5010
5018
5018
5020
5020
5029
5029
5031
5038
5045
5047
5048
5052
5052
5057
5058
5061
5061
5066
5069
5080
5081
5083
5084
5085
5085
5087
5089
5094
5095
5099
5103
5106
5106
5107
5107
5110
5114
5115
5115
5118
5119
5123
5124
5135
5140
5141
5145
5145
5146
5148
5148
5152
5159
5163
5165
5169
5173
5175
5178
5180
5184
5184
5192
5195
5195
5198
5200
5200
5202
5203
5207
5208
5210
5215
5217
5219
5230
5233
5239
5242
5245
5249
5252
5255
5265
5274
5276
5277
5280
5282
5284
5286
5289
5294
5294
5307
5307
5307
5311
5316
5320
5321
5324
5325
5328
5330
5331
5333
5338
5348
5351
5356
5356
5360
5370
5375
5376
5378
5380
5380
5383
5386
5387
5389
5398
5400
5402
5407
5414
5414
5414
5416
5416
5421
5425
5425
5440
5448
5454
5460
5462
5466
5467
5470
5474
5476
5477
5480
5481
5483
5485
5487
5489
5491
5491
5493
5493
5498
5507
5510
5510
5512
5521
5536
5542
5542
5548
5551
5552
5559
5560
5560
5561
5562
5567
5567
5572
5578
5581
5582
5582
5582
5584
5585
5587
5595
5599
5600
5603
5614
5616
5617
5617
5617
5619
5619
5628
5634
5641
5642
5643
5661
5663
5664
5672
5673
5674
5676
5680
5681
5689
5689
5696
5697
5699
5703
5705
5705
5706
5708
5713
5715
5722
5723
5723
5725
5738
5739
5740
5741
5741
5745
5745
5747
5752
5755
5756
5762
5770
5771
5774
5774
5775
5777
5780
5781
5784
5786
5791
5794
5796
5801
5802
5804
5806
5811
5813
5815
5820
5821
5823
5832
5836
5837
5837
5839
5839
5839
5848
5850
5853
5853
5854
5855
5861
5862
5863
5864
5865
5865
5869
5869
5878
5889
5891
5901
5909
5910
5911
5917
5923
5931
5933
5935
5936
5938
5940
5946
5947
5948
5949
5959
5960
5972
5979
5979
5981
5985
5986
5987
5988
5992
5994
6003
6010
6011
6012
6021
6023
6027
6036
6053
6055
6056
6059
6063
6076
6085
6086
6088
6090
6090
6101
6105
6109
6113
6117
6118
6120
6120
6123
6132
6141
6146
6150
6150
6152
6155
6161
6163
6164
6169
6169
6174
6174
6180
6183
6185
6186
6187
6187
6202
6210
6214
6219
6224
6224
6227
6230
6241
6242
6246
6247
6248
6250
6260
6265
6265
6266
6275
6291
6291
6296
6297
6299
6303
6307
6311
6312
6316
6318
6323
6328
6337
6339
6341
6342
6346
6346
6347
6360
6361
6365
6365
6368
6368
6370
6384
6384
6392
6397
6398
6401
6406
6408
6409
6434
6435
6435
6436
6437
6441
6443
6453
6453
6454
6455
6455
6456
6457
6459
6459
6459
6459
6463
6464
6467
6475
6476
6477
6483
6483
6484
6485
6488
6491
6498
6502
6502
6504
6508
6508
6520
6521
6521
6522
6523
6530
6534
6538
6545
6551
6561
6563
6570
6578
6585
6587
6588
6588
6589
6594
6596
6599
6601
6602
6613
6617
6618
6623
6624
6628
6636
6639
6639
6648
6651
6651
6659
6659
6662
6666
6668
6673
6687
6692
6693
6695
6705
6706
6718
6718
6720
6725
6730
6734
6742
6744
6745
6752
6767
6770
6772
6773
6776
6777
6779
6789
6791
6797
6800
6804
6805
6809
6811
6811
6816
6817
6819
6823
6824
6824
6828
6840
6841
6842
6844
6861
6861
6862
6867
6869
6873
6880
6889
6890
6894
6894
6895
6900
6902
6904
6907
6914
6919
6920
6921
6922
6923
6925
6930
6932
6937
6939
6951
6952
6954
6954
6955
6960
6961
6966
6970
6972
6977
6977
6977
6984
6985
6990
7004
7005
7012
7013
7020
7024
7031
7034
7043
7048
7055
7056
7057
7061
7062
7070
7071
7072
7074
7076
7094
7098
7099
7101
7106
7108
7109
7110
7111
7113
7114
7114
7120
7125
7128
7137
7138
7141
7142
7143
7150
7150
7152
7158
7161
7162
7164
7172
7173
7175
7182
7183
7186
7186
7187
7189
7196
7199
7199
7200
7205
7208
7208
7212
7213
7218
7219
7226
7228
7230
7232
7237
7239
7245
7246
7247
7251
7254
7255
7258
7259
7264
7265
7265
7266
7271
7276
7276
7279
7284
7289
7295
7297
7298
7300
7308
7312
7314
7318
7321
7327
7334
7335
7337
7338
7341
7344
7348
7353
7357
7358
7360
7364
7370
7373
7380
7382
7386
7391
7392
7393
7397
7397
7401
7404
7406
7411
7412
7412
7416
7419
7421
7422
7422
7425
7427
7432
7432
7435
7435
7436
7439
7439
7448
7457
7457
7461
7462
7465
7468
7472
7475
7489
7489
7491
7492
7497
7497
7500
7515
7516
7527
7530
7530
7531
7532
7541
7543
7544
7545
7551
7558
7563
7565
7567
7569
7573
7574
7577
7582
7584
7586
7590
7598
7598
7599
7601
7606
7611
7621
7628
7628
7630
7630
7635
7642
7646
7649
7650
7656
7659
7672
7676
7682
7684
7685
7687
7688
7691
7693
7694
7702
7704
7705
7708
7709
7712
7715
7716
7716
7716
7718
7728
7731
7735
7740
7750
7753
7757
7768
7769
7772
7774
7774
7779
7783
7786
7794
7806
7819
7820
7826
7829
7834
7845
7856
7857
7858
7869
7873
7878
7883
7883
7885
7886
7893
7898
7900
7901
7902
7902
7903
7904
7904
7907
7911
7911
7918
7921
7931
7934
7934
7936
7938
7946
7949
7949
7949
7951
7957
7958
7959
7962
7963
7963
7966
7968
7969
7971
7972
7977
7980
7982
7983
7984
7987
7991
7993
7994
8001
8002
8004
8008
8012
8015
8016
8017
8018
8020
8022
8024
8025
8031
8045
8047
8047
8049
8052
8053
8058
8060
8060
8069
8070
8087
8093
8095
8098
8098
8100
8101
8103
8110
8113
8114
8114
8117
8129
8130
8134
8138
8139
8142
8148
8149
8151
8153
8154
8154
8154
8154
8155
8158
8159
8168
8169
8169
8170
8170
8171
8172
8173
8178
8179
8180
8181
8184
8186
8190
8191
8192
8195
8198
8208
8211
8213
8225
8227
8227
8228
8238
8238
8254
8255
8260
8262
8265
8266
8270
8271
8271
8271
8271
8272
8274
8282
8289
8290
8291
8295
8297
8298
8300
8302
8314
8316
8318
8325
8332
8335
8355
8356
8359
8359
8359
8362
8363
8371
8372
8373
8376
8384
8384
8385
8385
8386
8389
8392
8398
8400
8406
8408
8415
8418
8423
8428
8428
8432
8433
8435
8437
8438
8441
8443
8444
8445
8450
8455
8456
8457
8462
8462
8470
8471
8472
8472
8478
8478
8483
8485
8486
8488
8490
8491
8495
8503
8505
8508
8515
8517
8519
8521
8525
8530
8534
8534
8540
8547
8551
8558
8561
8567
8567
8568
8570
8577
8578
8581
8587
8590
8590
8592
8593
8603
8605
8605
8609
8611
8612
8620
8622
8622
8623
8624
8624
8627
8628
8630
8635
8637
8639
8641
8642
8646
8651
8652
8657
8659
8666
8667
8671
8677
8679
8680
8683
8683
8685
8694
8696
8697
8700
8707
8707
8712
8713
8717
8717
8717
8727
8728
8729
8734
8734
8735
8740
8740
8741
8742
8747
8757
8761
8762
8762
8763
8764
8768
8768
8773
8783
8786
8788
8794
8794
8798
8800
8800
8810
8813
8818
8818
8819
8824
8832
8833
8838
8843
8843
8854
8855
8857
8858
8867
8867
8867
8869
8870
8874
8875
8878
8882
8888
8891
8891
8892
8899
8907
8916
8917
8919
8921
8928
8932
8938
8949
8951
8953
8956
8958
8959
8967
8969
8970
8974
8988
8989
8989
8991
8992
8992
8992
8993
8995
9001
9001
9004
9005
9005
9009
9012
9012
9012
9013
9018
9019
9025
9026
9027
9028
9033
9037
9043
9043
9044
9055
9056
9057
9067
9071
9073
9075
9078
9079
9082
9083
9083
9087
9089
9089
9089
9089
9090
9094
9109
9112
9114
9125
9128
9130
9131
9132
9132
9133
9143
9151
9152
9153
9153
9156
9160
9170
9171
9171
9173
9173
9174
9174
9175
9177
9183
9190
9193
9193
9199
9199
9201
9204
9226
9229
9230
9240
9245
9246
9247
9268
9270
9273
9274
9275
9291
9293
9297
9305
9307
9315
9316
9317
9320
9335
9343
9347
9348
9350
9350
9353
9355
9356
9358
9363
9367
9367
9369
9376
9377
9381
9385
9386
9386
9389
9393
9396
9399
9401
9404
9407
9408
9413
9418
9418
9424
9425
9430
9440
9445
9448
9457
9459
9460
9463
9465
9465
9469
9471
9474
9474
9479
9480
9482
9482
9486
9490
9496
9500
9501
9504
9507
9512
9513
9524
9525
9530
9536
9540
9542
9543
9544
9552
9557
9558
9559
9566
9569
9570
9576
9576
9581
9588
9594
9596
9597
9600
9602
9604
9608
9608
9610
9612
9613
9613
9628
9632
9639
9639
9639
9643
9655
9658
9661
9662
9662
9669
9672
9675
9679
9680
9680
9688
9690
9695
9702
9707
9709
9720
9721
9725
9727
9732
9737
9738
9741
9741
9759
9763
9764
9766
9770
9771
9772
9777
9779
9783
9786
9787
9789
9792
9793
9803
9813
9814
9818
9819
9821
9822
9823
9824
9826
9827
9829
9834
9839
9842
9844
9845
9846
9847
9847
9849
9851
9853
9856
9860
9861
9870
9873
9875
9877
9877
9896
9900
9901
9903
9904
9906
9907
9911
9913
9913
9920
9923
9930
9931
9934
9937
9938
9940
9942
9943
9951
9954
9954
9957
9960
9960
9964
9965
9967
9967
9972
9972
9975
9977
9979
9986
9986
9993
9999
10001
10006
10013
10015
10028
10031
10031
10038
10041
10042
10050
10051
10052
10053
10053
10055
10061
10062
10064
10067
10068
10072
10076
10081
10082
10083
10084
10086
10087
10088
10094
10096
10102
10114
10114
10115
10118
10120
10122
10132
10134
10135
10136
10137
10139
10141
10145
10148
10153
10154
10160
10165
10165
10183
10183
10194
10204
10206
10210
10210
10211
10216
10228
10239
10239
10243
10245
10248
10253
10253
10256
10256
10256
10267
10270
10278
10279
10282
10290
10292
10296
10299
10306
10306
10313
10321
10324
10329
10330
10332
10342
10347
10353
10354
10356
10360
10367
10370
10372
10374
10375
10376
10377
10380
10391
10395
10396
10409
10416
10417
10420
10426
10428
10434
10446
10457
10457
10460
10461
10465
10468
10468
10469
10485
10489
10493
10501
10503
10506
10513
10514
10519
10521
10525
10526
10540
10543
10545
10548
10553
10562
10565
10567
10577
10578
10579
10587
10589
10591
10596
10599
10601
10601
10608
10610
10610
10617
10618
10624
10632
10638
10644
10644
10646
10649
10653
10656
10657
10665
10670
10675
10676
10680
10684
10686
10687
10688
10689
10695
10710
10714
10715
10715
10715
10716
10718
10721
10724
10732
10734
10738
10742
10744
10752
10754
10754
10757
10759
10762
10762
10766
10771
10774
10776
10785
10785
10787
10789
10793
10813
10817
10820
10823
10826
10826
10831
10833
10839
10849
10861
10865
10866
10866
10871
10877
10879
10882
10883
10889
10890
10892
10894
10895
10901
10904
10909
10914
10914
10917
10917
10918
10919
10922
10923
10926
10927
10932
10934
10943
10945
10947
10954
10955
10960
10964
10964
10966
10966
10967
10970
10970
10974
10980
10983
10993
10995
10997
10997
11006
11007
11009
11015
11025
11028
11030
11032
11043
11043
11044
11046
11046
11054
11055
11057
11060
11069
11071
11071
11079
11086
11086
11094
11094
11097
11098
11099
11112
11113
11113
11121
11122
11131
11136
11150
11150
11153
11155
11158
11160
11162
11166
11168
11168
11169
11170
11172
11172
11174
11174
11175
11187
11189
11190
11197
11203
11205
11206
11210
11212
11216
11216
11226
11227
11228
11230
11231
11234
11235
11236
11240
11251
11255
11256
11258
11260
11262
11264
11265
11273
11274
11278
11280
11283
11284
11285
11286
11290
11290
11291
11291
11295
11301
11305
11306
11310
11315
11315
11319
11321
11321
11324
11327
11330
11330
11333
11334
11338
11342
11344
11345
11349
11350
11354
11364
11364
11367
11367
11368
11368
11378
11380
11381
11387
11388
11388
11396
11400
11407
11410
11410
11411
11413
11414
11418
11420
11424
11425
11426
11430
11431
11440
11443
11443
11445
11449
11449
11454
11455
11459
11461
11464
11467
11468
11468
11473
11473
11478
11484
11486
11489
11497
11500
11500
11511
11517
11519
11521
11522
11525
11525
11528
11529
11529
11532
11537
11537
11540
11545
11546
11547
11549
11556
11561
11562
11563
11564
11569
11570
11571
11577
11578
11580
11581
11583
11587
11589
11592
11593
11597
11600
11600
11601
11602
11613
11613
11614
11614
11615
11617
11620
11626
11628
11630
11630
11630
11634
11635
11638
11639
11644
11646
11653
11654
11654
11656
11657
11668
11671
11671
11673
11679
11680
11682
11682
11689
11691
11692
11692
11693
11697
11701
11710
11714
11714
11717
11730
11732
11737
11740
11745
11747
11747
11750
11754
11754
11759
11761
11766
11766
11767
11773
11773
11775
11776
11777
11778
11783
11786
11787
11791
11794
11802
11802
11809
11809
11811
11814
11815
11816
11816
11819
11820
11829
11829
11831
11832
11833
11840
11840
11841
11841
11842
11855
11856
11863
11864
11867
11867
11871
11888
11889
11895
11897
11897
11898
11904
11906
11908
11908
11910
11916
11916
11919
11922
11932
11934
11935
11935
11936
11937
11946
11948
11951
11957
11958
11958
11963
11967
11969
11971
11991
11993
11993
11996
11997
11999
12008
12008
12008
12012
12015
12031
12033
12035
12036
12038
12038
12043
12046
12046
12047
12056
12059
12060
12061
12062
12064
12068
12074
12079
12081
12081
12089
12091
12095
12097
12107
12110
12114
12114
12122
12128
12128
12134
12136
12151
12156
12157
12169
12174
12176
12177
12186
12187
12188
12195
12196
12202
12204
12204
12204
12205
12205
12219
12223
12231
12231
12234
12236
12243
12245
12251
12259
12263
12264
12264
12265
12265
12267
12267
12269
12271
12282
12305
12307
12314
12316
12325
12328
12336
12339
12339
12343
12346
12347
12349
12358
12359
12359
12367
12368
12368
12370
12374
12377
12385
12402
12409
12421
12423
12429
12431
12431
12432
12434
12435
12440
12441
12448
12452
12454
12462
12468
12471
12472
12473
12476
12479
12481
12485
12488
12500
12502
12503
12503
12507
12507
12510
12524
12527
12540
12542
12543
12547
12547
12548
12550
12550
12561
12562
12570
12573
12580
12582
12583
12583
12584
12591
12592
12593
12598
12598
12604
12604
12605
12607
12609
12610
12619
12628
12632
12632
12636
12638
12639
12640
12640
12647
12647
12653
12655
12664
12665
12670
12675
12676
12680
12681
12695
12697
12707
12710
12715
12721
12723
12731
12733
12735
12735
12743
12743
12745
12754
12755
12757
12767
12768
12772
12773
12773
12776
12777
12778
12779
12783
12789
12791
12800
12802
12813
12813
12818
12823
12825
12827
12828
12831
12831
12847
12854
12854
12861
12862
12865
12868
12868
12871
12881
12883
12883
12884
12885
12885
12897
12903
12905
12908
12908
12911
12911
12916
12917
12922
12925
12929
12932
12933
12938
12943
12949
12951
12962
12962
12964
12965
12971
12973
12977
12978
12979
12981
12982
12983
12990
12990
12992
12993
12994
12995
12997
12999
13008
13012
13013
13017
13017
13017
13029
13030
13031
13034
13039
13045
13050
13051
13069
13071
13072
13072
13076
13077
13077
13077
13080
13086
13089
13093
13093
13096
13097
13097
13103
13116
13124
13125
13129
13141
13141
13148
13151
13153
13154
13157
13158
13163
13166
13167
13169
13173
13174
13174
13178
13178
13181
13184
13185
13187
13192
13195
13196
13200
13211
13213
13217
13218
13220
13220
13224
13225
13229
13241
13248
13253
13254
13255
13258
13262
13262
13263
13270
13271
13272
13274
13277
13289
13289
13292
13293
13296
13296
13298
13316
13319
13324
13331
13332
13337
13337
13339
13342
13343
13346
13347
13347
13350
13354
13354
13356
13358
13358
13360
13365
13366
13367
13367
13373
13373
13376
13376
13380
13380
13383
13384
13388
13388
13388
13394
13397
13402
13404
13406
13406
13408
13412
13414
13415
13419
13420
13422
13425
13429
13430
13434
13434
13435
13445
13449
13449
13452
13456
13460
13460
13468
13471
13471
13472
13475
13478
13479
13479
13481
13481
13482
13482
13484
13485
13486
13489
13489
13492
13497
13499
13499
13500
13501
13503
13510
13511
13517
13521
13523
13525
13535
13536
13541
13545
13547
13549
13555
13561
13562
13564
13569
13580
13580
13584
13586
13590
13591
13594
13595
13595
13603
13605
13606
13608
13608
13611
13615
13621
13626
13628
13632
13636
13638
13641
13644
13646
13649
13649
13649
13650
13651
13655
13658
13662
13663
13669
13671
13672
13673
13676
13679
13681
13683
13685
13687
13689
13691
13698
13698
13700
13700
13703
13704
13715
13716
13718
13718
13720
13725
13727
13728
13729
13732
13733
13735
13738
13740
13750
13751
13754
13756
13759
13763
13768
13773
13775
13775
13779
13782
13786
13792
13796
13802
13805
13808
13821
13825
13830
13831
13840
13843
13844
13846
13848
13869
13870
13873
13874
13876
13877
13886
13888
13892
13894
13896
13898
13898
13899
13899
13899
13902
13908
13918
13931
13931
13931
13932
13933
13935
13935
13937
13942
13942
13945
13945
13955
13956
13957
13960
13967
13968
13969
13970
13975
13982
13988
13995
14001
14002
14003
14004
14013
14015
14030
14037
14042
14046
14049
14050
14055
14056
14059
14061
14061
14062
14064
14065
14065
14068
14069
14072
14074
14077
14079
14083
14085
14087
14089
14090
14097
14098
14106
14113
14118
14118
14119
14121
14127
14130
14132
14134
14134
14135
14137
14138
14143
14143
14157
14157
14160
14162
14163
14177
14178
14178
14180
14181
14190
14191
14196
14201
14213
14215
14216
14221
14230
14233
14237
14237
14237
14251
14252
14252
14252
14256
14270
14271
14273
14276
14278
14286
14291
14294
14296
14299
14308
14308
14310
14315
14334
14334
14336
14336
14337
14341
14347
14347
14348
14349
14349
14349
14351
14354
14359
14369
14372
14372
14374
14391
14392
14392
14394
14403
14409
14411
14417
14425
14428
14438
14451
14451
14458
14459
14459
14462
14464
14464
14466
14477
14479
14485
14490
14494
14497
14499
14501
14502
14509
14513
14516
14519
14519
14520
14520
14520
14522
14525
14526
14533
14534
14535
14537
14537
14538
14538
14544
14548
14550
14551
14553
14554
14560
14564
14565
14566
14566
14567
14567
14569
14573
14574
14576
14579
14584
14584
14586
14588
14589
14589
14599
14606
14612
14613
14618
14622
14624
14630
14636
14637
14643
14648
14651
14652
14659
14661
14662
14664
14671
14675
14676
14683
14684
14687
14690
14692
14693
14698
14703
14703
14705
14706
14716
14720
14720
14721
14726
14733
14734
14743
14743
14745
14745
14749
14753
14760
14760
14761
14774
14777
14778
14781
14782
14787
14790
14792
14794
14796
14796
14796
14805
14806
14815
14822
14823
14832
14834
14835
14841
14842
14843
14843
14847
14849
14849
14850
14858
14862
14864
14872
14875
14879
14880
14884
14886
14896
14898
14902
14911
14918
14921
14935
14941
14945
14947
14948
14948
14956
14960
14964
14974
14980
14985
14987
14990
14994
14998
14998
15000
15001
15006
15007
15008
15020
15020
15021
15023
15026
15028
15030
15030
15033
15034
15035
15040
15043
15045
15049
15049
15051
15051
15057
15061
15062
15069
15074
15074
15078
15084
15085
15086
15088
15088
15090
15093
15097
15104
15104
15113
15119
15124
15125
15127
15129
15131
15134
15140
15140
15140
15142
15145
15146
15146
15162
15163
15165
15166
15177
15178
15182
15184
15191
15193
15201
15202
15202
15213
15215
15219
15219
15225
15233
15234
15235
15235
15238
15243
15253
15253
15261
15270
15271
15274
15279
15279
15281
15282
15283
15289
15291
15297
15300
15301
15301
15303
15303
15305
15305
15311
15311
15314
15315
15317
15319
15320
15324
15334
15334
15336
15344
15344
15347
15347
15348
15349
15353
15356
15358
15364
15368
15369
15371
15371
15372
15380
15394
15394
15395
15397
15400
15402
15402
15407
15411
15416
15417
15417
15418
15422
15422
15423
15435
15439
15440
15450
15456
15456
15457
15464
15467
15468
15478
15481
15486
15492
15493
15497
15498
15505
15508
15513
15518
15519
15526
15530
15532
15534
15535
15537
15538
15540
15543
15545
15546
15548
15548
15554
15565
15568
15568
15569
15572
15576
15578
15578
15580
15582
15582
15585
15589
15592
15600
15604
15608
15610
15620
15626
15633
15634
15635
15637
15638
15639
15643
15645
15646
15646
15649
15649
15651
15659
15660
15666
15667
15667
15667
15671
15671
15673
15673
15678
15678
15678
15692
15692
15693
15695
15696
15700
15702
15703
15712
15715
15719
15730
15730
15732
15733
15736
15736
15740
15740
15741
15742
15746
15748
15753
15755
15767
15768
15770
15781
15781
15788
15789
15790
15791
15792
15795
15798
15799
15800
15803
15805
15808
15812
15815
15815
15819
15821
15823
15824
15828
15833
15834
15836
15839
15839
15839
15843
15847
15864
15867
15870
15871
15872
15873
15874
15879
15880
15884
15885
15889
15893
15902
15906
15907
15908
15908
15911
15912
15913
15914
15915
15924
15925
15931
15938
15941
15948
15955
15958
15961
15963
15968
15970
15973
15974
15975
15982
15984
15986
15987
15997
15997
15998
15999
16000
16001
16003
16015
16016
16018
16026
16034
16034
16034
16037
16042
16049
16052
16052
16062
16063
16069
16074
16077
16078
16080
16083
16085
16087
16087
16088
16088
16096
16100
16102
16104
16110
16111
16112
16113
16114
16115
16118
16129
16130
16131
16133
16135
16135
16135
16138
16139
16144
16146
16147
16148
16165
16167
16171
16177
16177
16177
16181
16190
16190
16194
16195
16197
16197
16198
16203
16203
16203
16204
16204
16205
16206
16208
16210
16210
16215
16219
16221
16222
16223
16229
16230
16231
16231
16231
16234
16235
16237
16237
16241
16241
16246
16252
16259
16259
16260
16266
16266
16269
16272
16280
16282
16287
16289
16296
16301
16308
16310
16311
16313
16314
16316
16316
16322
16328
16336
16342
16350
16351
16355
16360
16362
16368
16380
16386
16391
16392
16397
16399
16403
16405
16406
16409
16412
16415
16415
16422
16423
16423
16427
16428
16428
16444
16457
16459
16462
16465
16466
16468
16473
16476
16490
16493
16494
16497
16498
16507
16510
16514
16515
16519
16520
16523
16525
16528
16531
16537
16542
16547
16557
16557
16575
16584
16585
16585
16588
16588
16590
16593
16594
16595
16595
16599
16602
16602
16605
16607
16616
16624
16625
16626
16630
16633
16635
16637
16641
16642
16648
16652
16656
16658
16658
16663
16663
16666
16668
16681
16685
16698
16705
16707
16709
16710
16713
16713
16723
16727
16729
16732
16738
16739
16744
16746
16748
16751
16752
16752
16760
16762
16765
16766
16768
16770
16770
16772
16775
16776
16777
16778
16781
16789
16790
16812
16812
16817
16827
16829
16829
16830
16833
16838
16842
16843
16850
16852
16857
16857
16864
16876
16881
16889
16890
16902
16904
16906
16907
16909
16913
16914
16917
16921
16923
16925
16932
16932
16941
16948
16950
16953
16954
16956
16963
16964
16965
16966
16993
16993
16997
17001
17002
17003
17003
17003
17011
17013
17017
17019
17019
17020
17024
17025
17029
17035
17042
17045
17047
17049
17052
17055
17056
17060
17066
17068
17073
17075
17076
17083
17085
17085
17087
17098
17101
17107
17111
17112
17112
17115
17117
17117
17123
17125
17127
17132
17132
17133
17144
17149
17158
17158
17161
17162
17167
17171
17172
17183
17188
17188
17193
17195
17196
17196
17200
17206
17210
17214
17231
17234
17241
17244
17246
17250
17250
17253
17256
17257
17261
17269
17272
17273
17291
17294
17295
17300
17302
17302
17303
17304
17304
17304
17305
17312
17313
17319
17321
17324
17324
17324
17326
17328
17330
17330
17333
17338
17340
17342
17343
17343
17349
17369
17379
17381
17384
17385
17386
17387
17388
17390
17393
17396
17399
17410
17411
17412
17416
17422
17426
17427
17428
17433
17436
17437
17438
17438
17440
17442
17443
17447
17448
17452
17453
17457
17459
17459
17461
17462
17465
17465
17466
17466
17470
17471
17473
17475
17482
17482
17484
17485
17487
17487
17490
17492
17492
17501
17505
17506
17507
17510
17512
17517
17517
17520
17522
17523
17524
17525
17527
17527
17535
17547
17547
17557
17557
17560
17560
17561
17564
17567
17572
17572
17573
17573
17573
17582
17585
17585
17593
17595
17597
17600
17605
17607
17610
17619
17623
17626
17630
17645
17647
17648
17651
17652
17657
17662
17666
17667
17672
17676
17678
17680
17695
17696
17701
17704
17708
17714
17716
17716
17718
17720
17724
17724
17728
17731
17735
17737
17738
17743
17743
17752
17754
17756
17767
17778
17779
17782
17783
17784
17785
17786
17786
17792
17794
17797
17797
17800
17806
17811
17814
17818
17822
17828
17832
17832
17833
17837
17840
17845
17851
17852
17856
17863
17863
17866
17869
17870
17879
17884
17885
17889
17902
17910
17912
17913
17919
17937
17940
17941
17943
17946
17948
17949
17951
17959
17963
17967
17976
17979
17981
17990
17991
17991
17992
17997
17998
17998
18001
18010
18011
18011
18013
18014
18019
18021
18025
18033
18035
18036
18039
18041
18041
18044
18045
18045
18047
18048
18058
18061
18063
18068
18071
18072
18077
18079
18084
18087
18088
18088
18093
18099
18099
18108
18118
18118
18119
18125
18127
18129
18132
18132
18132
18133
18135
18138
18139
18140
18148
18148
18151
18154
18166
18170
18171
18175
18176
18179
18182
18183
18186
18189
18191
18192
18194
18205
18209
18212
18215
18216
18218
18220
18224
18228
18231
18240
18241
18246
18247
18250
18253
18256
18256
18262
18262
18264
18268
18270
18275
18279
18281
18283
18285
18287
18292
18296
18297
18298
18300
18302
18309
18311
18312
18313
18316
18323
18337
18339
18344
18347
18352
18352
18353
18354
18358
18359
18376
18377
18380
18382
18382
18382
18387
18391
18394
18397
18399
18402
18410
18413
18413
18414
18416
18416
18417
18421
18425
18428
18428
18430
18430
18437
18440
18441
18444
18455
18463
18464
18465
18470
18471
18482
18486
18488
18489
18492
18492
18495
18505
18505
18507
18508
18511
18514
18518
18522
18528
18533
18543
18551
18553
18554
18555
18555
18558
18560
18561
18569
18575
18576
18579
18583
18583
18588
18595
18598
18608
18608
18614
18615
18616
18616
18616
18617
18621
18622
18623
18628
18631
18636
18639
18640
18642
18654
18665
18666
18668
18669
18669
18674
18676
18677
18688
18693
18695
18695
18695
18701
18701
18702
18704
18708
18712
18712
18714
18714
18718
18719
18721
18725
18726
18729
18734
18738
18740
18741
18743
18754
18763
18763
18770
18770
18774
18777
18790
18793
18801
18803
18811
18813
18819
18819
18822
18825
18825
18828
18831
18833
18834
18837
18849
18855
18855
18863
18864
18868
18868
18869
18871
18878
18881
18882
18883
18885
18886
18888
18892
18894
18898
18905
18908
18912
18913
18914
18915
18915
18917
18920
18923
18923
18925
18934
18937
18939
18952
18970
18976
18983
18989
18989
18995
18995
18997
18997
18997
19010
19015
19017
19020
19020
19020
19030
19031
19035
19037
19038
19051
19054
19055
19061
19063
19064
19072
19073
19078
19079
19084
19085
19089
19096
19099
19100
19102
19104
19105
19107
19120
19121
19125
19126
19127
19129
19131
19140
19140
19144
19146
19157
19160
19161
19161
19163
19164
19165
19177
19179
19186
19187
19191
19192
19192
19200
19200
19209
19218
19223
19228
19233
19243
19243
19246
19248
19248
19251
19259
19261
19262
19263
19266
19267
19269
19270
19271
19272
19275
19277
19288
19293
19297
19297
19299
19299
19299
19300
19308
19309
19314
19315
19317
19319
19323
19329
19335
19338
19341
19345
19353
19354
19356
19371
19374
19376
19385
19387
19388
19393
19396
19398
19400
19400
19401
19403
19406
19406
19409
19411
19413
19420
19424
19436
19444
19445
19445
19454
19457
19460
19461
19465
19467
19469
19477
19479
19481
19481
19496
19500
19501
19502
19509
19511
19513
19516
19517
19518
19530
19531
19541
19543
19545
19547
19549
19550
19552
19555
19556
19559
19559
19563
19563
19565
19569
19571
19578
19584
19587
19588
19591
19593
19601
19604
19604
19606
19607
19607
19608
19620
19622
19623
19625
19625
19632
19632
19634
19637
19637
19648
19649
19661
19666
19670
19673
19675
19683
19686
19686
19687
19696
19696
19697
19705
19709
19711
19716
19718
19718
19722
19722
19730
19733
19737
19739
19746
19757
19757
19759
19761
19761
19763
19768
19771
19774
19776
19777
19786
19795
19796
19799
19804
19805
19805
19810
19810
19812
19813
19821
19822
19823
19824
19832
19832
19833
19834
19835
19838
19839
19841
19843
19846
19851
19855
19855
19879
19879
19882
19884
19891
19892
19895
19899
19899
19903
19904
19905
19906
19906
19906
19906
19908
19908
19913
19914
19916
19916
19917
19918
19919
19932
19940
19941
19944
19945
19946
19951
19956
19958
19960
19963
19964
19967
19969
19971
19977
19978
19979
19980
19985
19985
19989
19998
19999
20002
20004
20005
20009
20016
20018
20020
20020
20021
20023
20023
20026
20031
20032
20032
20033
20036
20039
20039
20043
20043
20046
20047
20049
20050
20053
20057
20059
20064
20065
20066
20067
20073
20073
20075
20077
20081
20084
20086
20089
20091
20095
20097
20097
20103
20118
20122
20124
20130
20132
20136
20137
20141
20148
20148
20149
20149
20151
20154
20157
20158
20159
20161
20162
20165
20165
20167
20169
20170
20174
20175
20178
20179
20182
20185
20194
20194
20198
20199
20199
20200
20202
20202
20203
20206
20215
20221
20221
20223
20228
20229
20230
20234
20241
20247
20252
20259
20260
20263
20267
20270
20272
20276
20284
20292
20300
20304
20304
20304
20305
20309
20309
20311
20312
20312
20319
20322
20324
20325
20337
20337
20337
20341
20343
20345
20355
20357
20359
20360
20360
20365
20367
20367
20369
20371
20372
20380
20386
20387
20389
20392
20393
20394
20405
20406
20406
20412
20413
20416
20417
20422
20426
20427
20428
20430
20439
20442
20446
20453
20455
20463
20473
20473
20486
20487
20489
20492
20494
20498
20505
20512
20517
20522
20524
20526
20530
20532
20538
20541
20544
20545
20556
20560
20563
20566
20574
20574
20577
20584
20584
20585
20586
20588
20589
20593
20599
20600
20602
20602
20607
20610
20610
20612
20615
20615
20617
20620
20622
20624
20626
20626
20628
20629
20629
20635
20636
20637
20639
20640
20653
20653
20660
20665
20674
20675
20681
20683
20687
20689
20692
20696
20699
20701
20702
20704
20706
20708
20708
20709
20710
20710
20715
20718
20722
20723
20727
20727
20729
20733
20733
20744
20748
20749
20750
20752
20754
20759
20761
20761
20762
20764
20768
20768
20769
20774
20775
20776
20776
20777
20782
20788
20792
20793
20794
20795
20795
20796
20798
20798
20801
20805
20806
20806
20808
20814
20815
20817
20821
20821
20824
20832
20833
20834
20837
20841
20843
20847
20850
20853
20854
20860
20861
20862
20864
20866
20867
20868
20868
20869
20871
20879
20881
20881
20882
20885
20885
20886
20892
20893
20894
20894
20900
20908
20910
20912
20915
20918
20921
20925
20925
20925
20930
20933
20933
20941
20941
20944
20945
20945
20949
20952
20954
20959
20960
20965
20988
20988
20988
20989
20997
21000
21012
21016
21017
21018
21021
21023
21025
21026
21027
21030
21031
21034
21034
21036
21040
21044
21051
21059
21062
21085
21085
21086
21086
21086
21088
21091
21092
21094
21100
21104
21104
21107
21115
21116
21118
21123
21133
21133
21134
21134
21136
21140
21142
21146
21146
21151
21153
21153
21155
21156
21157
21164
21165
21168
21171
21172
21175
21177
21178
21187
21196
21197
21199
21203
21204
21205
21207
21213
21218
21221
21221
21228
21229
21230
21233
21236
21238
21242
21242
21251
21252
21254
21254
21255
21258
21258
21265
21266
21266
21275
21278
21279
21281
21286
21286
21289
21297
21298
21300
21303
21304
21304
21305
21308
21315
21317
21322
21324
21325
21329
21331
21337
21340
21354
21356
21357
21358
21359
21364
21365
21365
21369
21374
21380
21380
21381
21383
21383
21384
21388
21389
21389
21390
21390
21391
21399
21405
21405
21411
21415
21416
21417
21417
21419
21420
21423
21427
21439
21443
21451
21455
21455
21458
21473
21473
21474
21475
21475
21478
21478
21485
21492
21495
21501
21502
21508
21509
21514
21515
21515
21518
21519
21525
21527
21529
21532
21533
21534
21534
21544
21549
21555
21555
21557
21562
21565
21571
21578
21581
21583
21585
21593
21596
21603
21606
21615
21617
21621
21625
21628
21636
21645
21646
21648
21648
21651
21655
21656
21659
21663
21666
21671
21675
21680
21681
21687
21689
21690
21705
21709
21711
21712
21716
21717
21718
21718
21727
21728
21737
21738
21738
21739
21740
21742
21744
21744
21749
21752
21752
21753
21775
21776
21779
21794
21794
21798
21799
21801
21801
21801
21805
21808
21809
21810
21810
21810
21829
21834
21843
21844
21861
21865
21868
21871
21872
21876
21883
21883
21893
21893
21896
21896
21897
21901
21901
21901
21902
21905
21908
21908
21912
21917
21920
21924
21927
21930
21931
21937
21946
21949
21954
21956
21957
21958
21963
21966
21972
21974
21976
21977
21978
21991
21995
21995
22000
22007
22007
22008
22009
22010
22017
22017
22018
22024
22026
22037
22048
22048
22058
22065
22070
22076
22077
22084
22085
22095
22097
22098
22102
22103
22109
22113
22113
22127
22129
22134
22134
22146
22150
22151
22151
22159
22162
22167
22169
22177
22193
22193
22199
22200
22205
22210
22210
22214
22219
22219
22220
22222
22224
22229
22230
22231
22232
22235
22237
22237
22241
22242
22249
22249
22250
22251
22252
22260
22263
22265
22278
22284
22284
22291
22295
22297
22297
22301
22303
22310
22316
22320
22326
22327
22331
22336
22342
22343
22344
22349
22358
22358
22360
22362
22363
22364
22369
22378
22378
22379
22380
22385
22387
22391
22392
22392
22393
22394
22406
22406
22406
22414
22415
22417
22435
22441
22444
22445
22455
22459
22462
22467
22476
22481
22481
22496
22501
22502
22504
22508
22508
22512
22513
22514
22524
22528
22532
22539
22542
22548
22558
22558
22561
22567
22567
22567
22574
22575
22585
22598
22601
22607
22608
22610
22618
22624
22625
22627
22628
22629
22629
22633
22634
22641
22642
22648
22654
22655
22659
22662
22663
22664
22665
22670
22671
22677
22678
22685
22686
22688
22690
22696
22698
22699
22699
22702
22702
22713
22713
22716
22723
22728
22730
22735
22739
22741
22743
22749
22753
22757
22767
22771
22771
22774
22778
22779
22780
22782
22783
22783
22790
22793
22793
22798
22800
22803
22806
22808
22818
22820
22822
22822
22831
22837
22848
22852
22855
22859
22860
22861
22863
22870
22872
22873
22876
22881
22881
22882
22883
22885
22888
22888
22893
22894
22902
22902
22903
22905
22906
22906
22907
22907
22915
22916
22917
22924
22925
22926
22929
22941
22941
22942
22945
22946
22948
22949
22959
22959
22964
22967
22969
22970
22980
22990
22990
22992
22996
22998
23001
23015
23028
23029
23034
23036
23039
23039
23041
23046
23051
23052
23054
23070
23072
23072
23079
23080
23087
23087
23089
23089
23091
23091
23096
23102
23103
23105
23106
23106
23109
23112
23118
23122
23140
23143
23146
23147
23149
23149
23153
23164
23168
23178
23179
23179
23182
23187
23190
23191
23194
23199
23201
23202
23203
23204
23210
23217
23225
23230
23233
23233
23234
23234
23234
23241
23242
23244
23249
23250
23252
23258
23262
23265
23267
23267
23269
23270
23274
23274
23275
23280
23293
23299
23308
23314
23319
23324
23329
23330
23336
23341
23345
23348
23353
23355
23357
23358
23360
23368
23371
23377
23379
23380
23383
23389
23389
23397
23399
23406
23408
23413
23414
23416
23423
23425
23429
23431
23436
23438
23438
23438
23445
23445
23446
23453
23455
23458
23459
23460
23463
23470
23471
23483
23487
23491
23494
23495
23501
23504
23504
23506
23515
23519
23524
23527
23532
23540
23542
23550
23551
23571
23574
23579
23585
23588
23588
23590
23595
23596
23597
23599
23600
23601
23604
23606
23606
23611
23612
23613
23616
23618
23625
23626
23628
23629
23631
23632
23632
23638
23647
23649
23654
23654
23656
23657
23658
23659
23661
23662
23663
23670
23670
23672
23676
23677
23679
23680
23683
23683
23693
23697
23699
23700
23707
23712
23722
23725
23725
23729
23731
23740
23748
23752
23755
23756
23760
23761
23768
23771
23776
23781
23783
23785
23785
23794
23794
23796
23798
23799
23805
23808
23808
23825
23830
23837
23839
23842
23857
23863
23876
23882
23882
23883
23886
23889
23893
23894
23895
23919
23921
23922
23922
23927
23932
23936
23937
23942
23950
23952
23953
23954
23957
23958
23964
23975
23981
23986
23986
23988
23990
23994
23997
24004
24006
24008
24008
24010
24012
24014
24015
24016
24019
24020
24025
24025
24025
24029
24036
24037
24038
24040
24044
24047
24052
24054
24057
24060
24068
24068
24070
24070
24071
24083
24085
24086
24089
24099
24100
24102
24105
24107
24108
24110
24112
24116
24120
24121
24127
24128
24129
24137
24138
24141
24153
24160
24162
24166
24169
24173
24175
24175
24180
24181
24183
24184
24184
24188
24188
24190
24192
24197
24199
24199
24201
24202
24210
24218
24219
24221
24222
24223
24223
24224
24226
24227
24227
24246
24252
24257
24258
24263
24263
24265
24278
24280
24287
24288
24291
24295
24296
24297
24298
24299
24302
24304
24307
24309
24313
24313
24314
24316
24318
24319
24321
24322
24323
24326
24328
24330
24335
24344
24346
24348
24349
24351
24356
24358
24365
24365
24371
24374
24376
24377
24382
24384
24387
24389
24394
24399
24399
24414
24416
24419
24425
24427
24428
24436
24437
24438
24443
24445
24446
24450
24454
24454
24463
24464
24467
24469
24471
24478
24486
24501
24503
24506
24508
24526
24532
24538
24541
24543
24546
24547
24549
24552
24553
24553
24554
24557
24558
24559
24559
24566
24567
24569
24573
24574
24575
24577
24580
24582
24584
24588
24592
24596
24597
24600
24607
24614
24615
24617
24630
24639
24646
24648
24651
24651
24653
24654
24654
24661
24666
24667
24669
24670
24670
24682
24684
24687
24692
24697
24703
24705
24705
24706
24709
24710
24710
24712
24712
24715
24716
24723
24724
24730
24730
24739
24746
24754
24754
24762
24763
24769
24772
24773
24774
24781
24784
24789
24790
24790
24791
24794
24795
24798
24802
24803
24803
24809
24813
24813
24819
24835
24836
24837
24842
24842
24843
24844
24847
24848
24849
24852
24853
24856
24858
24859
24860
24862
24863
24866
24867
24871
24871
24872
24872
24880
24882
24885
24888
24888
24893
24895
24896
24899
24905
24905
24909
24913
24914
24915
24917
24919
24919
24920
24921
24923
24931
24933
24934
24937
24937
24939
24951
24952
24953
24957
24961
24963
24972
24973
24973
24973
24975
24975
24977
24985
24988
24991
24992
24995
24996
25005
25008
25009
25018
25028
25031
25033
25035
25043
25051
25057
25059
25065
25065
25069
25069
25073
25074
25081
25081
25087
25101
25107
25109
25112
25114
25115
25116
25118
25119
25121
25125
25125
25127
25131
25137
25141
25143
25146
25147
25149
25150
25156
25167
25177
25186
25186
25188
25190
25191
25195
25196
25196
25201
25201
25204
25204
25214
25215
25221
25226
25226
25227
25228
25228
25229
25229
25231
25231
25234
25235
25238
25249
25254
25261
25262
25262
25262
25274
25280
25281
25290
25291
25293
25300
25306
25309
25321
25323
25326
25328
25332
25338
25340
25344
25345
25353
25353
25356
25359
25360
25368
25370
25370
25374
25375
25376
25379
25381
25384
25385
25385
25390
25391
25391
25401
25403
25406
25408
25412
25414
25415
25417
25418
25421
25427
25428
25437
25437
25439
25441
25444
25445
25445
25449
25460
25461
25461
25463
25464
25469
25469
25469
25471
25476
25478
25490
25493
25499
25504
25506
25515
25516
25520
25521
25522
25525
25526
25527
25538
25543
25549
25550
25550
25552
25553
25554
25554
25558
25558
25563
25565
25565
25568
25570
25571
25573
25576
25578
25582
25582
25582
25589
25589
25590
25599
25604
25605
25606
25607
25608
25616
25617
25619
25623
25626
25645
25646
25652
25653
25654
25656
25659
25661
25661
25666
25672
25677
25680
25685
25695
25696
25704
25712
25714
25716
25719
25719
25719
25720
25739
25741
25747
25747
25751
25754
25762
25770
25770
25772
25775
25795
25801
25805
25805
25807
25815
25816
25818
25822
25829
25829
25834
25835
25836
25842
25847
25850
25850
25858
25862
25862
25864
25879
25879
25882
25892
25893
25896
25899
25905
25913
25919
25920
25923
25923
25925
25929
25932
25934
25936
25940
25942
25943
25944
25944
25947
25948
25951
25951
25951
25951
25952
25953
25955
25957
25958
25959
25962
25964
25972
25975
25981
25983
25991
26000
26001
26001
26005
26006
26007
26010
26013
26020
26021
26027
26027
26027
26028
26030
26031
26033
26034
26037
26037
26041
26046
26046
26048
26049
26053
26054
26063
26064
26065
26066
26066
26066
26067
26071
26074
26077
26080
26085
26087
26087
26090
26094
26099
26101
26102
26104
26105
26106
26115
26116
26116
26117
26123
26129
26131
26132
26133
26133
26135
26139
26140
26142
26143
26150
26151
26152
26152
26160
26161
26166
26180
26182
26184
26195
26200
26205
26205
26207
26208
26222
26226
26227
26240
26240
26244
26250
26250
26251
26256
26260
26265
26271
26274
26275
26277
26278
26281
26283
26285
26285
26289
26291
26293
26297
26299
26299
26312
26320
26323
26331
26335
26341
26347
26358
26358
26361
26361
26361
26361
26364
26365
26365
26367
26369
26377
26379
26385
26390
26393
26400
26402
26403
26404
26418
26419
26421
26422
26432
26434
26436
26451
26451
26455
26458
26459
26462
26468
26472
26481
26489
26490
26501
26501
26501
26503
26509
26511
26512
26514
26514
26514
26515
26516
26516
26520
26520
26521
26521
26530
26534
26537
26548
26550
26555
26557
26559
26575
26576
26577
26578
26587
26587
26590
26590
26594
26599
26603
26603
26607
26609
26609
26610
26611
26612
26614
26618
26627
26627
26627
26629
26630
26630
26640
26641
26646
26648
26662
26665
26667
26668
26676
26679
26679
26680
26680
26681
26683
26692
26693
26693
26694
26702
26705
26707
26708
26709
26709
26709
26713
26715
26715
26716
26718
26720
26721
26723
26730
26736
26736
26736
26737
26745
26749
26750
26752
26756
26756
26758
26759
26764
26764
26776
26782
26786
26788
26789
26793
26796
26805
26808
26810
26810
26812
26817
26820
26821
26831
26831
26834
26834
26835
26835
26837
26838
26843
26845
26848
26849
26853
26858
26868
26873
26874
26884
26887
26892
26892
26914
26915
26921
26923
26929
26941
26948
26952
26952
26952
26954
26961
26963
26964
26964
26972
26980
26982
26992
26993
26994
27001
27005
27006
27007
27009
27010
27012
27014
27019
27021
27022
27023
27024
27024
27027
27028
27029
27041
27045
27046
27046
27047
27048
27049
27051
27056
27057
27058
27061
27069
27070
27075
27082
27089
27094
27103
27104
27104
27111
27117
27124
27125
27127
27127
27130
27134
27142
27143
27150
27153
27153
27157
27157
27163
27167
27167
27170
27170
27171
27180
27184
27186
27196
27198
27198
27198
27202
27202
27210
27212
27212
27213
27214
27217
27226
27226
27231
27239
27240
27240
27244
27247
27249
27249
27254
27259
27260
27263
27264
27272
27277
27278
27294
27296
27296
27298
27300
27302
27304
27305
27306
27307
27311
27315
27320
27324
27329
27333
27337
27340
27343
27347
27349
27349
27350
27356
27360
27365
27366
27374
27376
27376
27383
27387
27388
27389
27394
27397
27403
27404
27405
27405
27406
27406
27406
27411
27413
27425
27428
27434
27434
27440
27444
27446
27446
27451
27452
27457
27464
27471
27473
27486
27492
27492
27495
27495
27501
27505
27506
27514
27516
27524
27525
27527
27531
27537
27544
27552
27554
27558
27568
27570
27577
27577
27577
27579
27581
27587
27590
27597
27599
27600
27602
27610
27613
27616
27619
27631
27634
27635
27640
27640
27643
27648
27648
27648
27650
27651
27654
27659
27663
27670
27675
27681
27682
27684
27685
27687
27687
27689
27690
27691
27700
27701
27702
27703
27710
27713
27714
27714
27717
27720
27725
27729
27731
27732
27732
27734
27743
27743
27749
27752
27753
27756
27769
27772
27775
27781
27781
27787
27790
27790
27799
27801
27803
27804
27804
27804
27812
27812
27817
27818
27823
27823
27828
27830
27834
27837
27844
27847
27850
27854
27856
27858
27859
27861
27873
27873
27874
27876
27878
27882
27885
27894
27899
27899
27907
27913
27918
27920
27923
27927
27933
27933
27935
27937
27938
27943
27949
27952
27953
27953
27954
27957
27961
27963
27963
27966
27973
27975
27980
27981
27983
27993
27996
27996
27998
27999
28004
28007
28008
28009
28011
28012
28012
28023
28023
28024
28026
28031
28033
28034
28038
28043
28043
28051
28051
28060
28078
28079
28083
28083
28084
28085
28090
28092
28095
28098
28099
28099
28100
28101
28109
28111
28114
28125
28126
28127
28131
28131
28138
28141
28145
28146
28164
28165
28166
28167
28173
28176
28179
28183
28184
28192
28192
28194
28198
28200
28202
28206
28218
28219
28222
28224
28225
28227
28227
28228
28230
28243
28251
28252
28253
28255
28256
28263
28266
28268
28273
28274
28279
28290
28291
28294
28295
28299
28301
28305
28324
28332
28337
28337
28341
28343
28345
28350
28358
28361
28362
28362
28364
28368
28370
28376
28391
28391
28396
28399
28401
28401
28403
28405
28406
28407
28408
28408
28409
28410
28414
28417
28420
28428
28435
28436
28438
28440
28441
28442
28448
28449
28454
28456
28459
28460
28461
28462
28466
28466
28477
28479
28484
28492
28492
28499
28500
28503
28504
28507
28509
28513
28517
28519
28520
28530
28544
28546
28548
28549
28555
28561
28567
28568
28575
28577
28578
28581
28582
28586
28595
28597
28598
28603
28606
28610
28614
28619
28623
28626
28630
28630
28631
28632
28638
28642
28649
28649
28654
28656
28658
28660
28666
28670
28675
28675
28675
28676
28683
28687
28690
28691
28695
28703
28713
28713
28715
28724
28724
28732
28736
28744
28746
28748
28750
28754
28762
28764
28767
28767
28773
28774
28774
28784
28786
28788
28789
28793
28795
28796
28805
28808
28809
28815
28817
28822
28828
28828
28829
28832
28835
28847
28847
28850
28852
28855
28861
28872
28879
28880
28882
28884
28890
28898
28899
28910
28913
28918
28921
28924
28932
28935
28936
28949
28962
28972
28975
28976
28979
28981
28982
28984
28985
28988
28990
28990
28992
28996
28997
28998
29000
29001
29002
29008
29009
29010
29016
29025
29027
29031
29035
29038
29045
29052
29056
29061
29068
29070
29072
29072
29073
29074
29076
29088
29091
29094
29094
29096
29100
29102
29108
29111
29111
29113
29115
29125
29126
29130
29132
29136
29141
29141
29144
29147
29151
29151
29155
29160
29160
29163
29164
29165
29166
29166
29171
29173
29174
29176
29177
29183
29184
29185
29189
29192
29194
29197
29199
29202
29205
29209
29210
29219
29221
29223
29224
29226
29226
29227
29235
29237
29238
29238
29239
29239
29241
29243
29243
29244
29244
29252
29252
29252
29257
29257
29260
29268
29272
29274
29275
29275
29278
29289
29292
29293
29297
29298
29300
29305
29307
29308
29309
29311
29313
29313
29314
29321
29323
29325
29333
29334
29335
29336
29337
29342
29343
29348
29350
29355
29358
29360
29361
29368
29374
29376
29376
29377
29387
29402
29406
29414
29414
29425
29445
29448
29449
29451
29470
29473
29485
29487
29492
29492
29496
29498
29501
29520
29528
29531
29536
29542
29545
29551
29552
29552
29554
29557
29568
29569
29569
29572
29582
29588
29588
29590
29595
29596
29604
29605
29606
29615
29621
29624
29626
29627
29629
29631
29636
29637
29640
29644
29645
29652
29653
29656
29659
29662
29664
29666
29669
29670
29679
29679
29679
29682
29689
29705
29710
29710
29711
29714
29715
29716
29719
29720
29723
29723
29724
29727
29729
29735
29745
29746
29747
29751
29754
29759
29760
29765
29769
29771
29772
29772
29773
29778
29787
29789
29790
29791
29798
29800
29804
29810
29812
29812
29813
29817
29827
29831
29831
29832
29836
29836
29838
29842
29846
29847
29857
29861
29864
29864
29866
29867
29868
29868
29879
29884
29888
29891
29892
29893
29896
29898
29899
29899
29905
29906
29910
29920
29922
29928
29929
29930
29933
29936
29936
29939
29941
29945
29948
29951
29952
29952
29952
29957
29958
29962
29962
29963
29964
29967
29971
29974
29982
29984
29984
29989
29993
29994
29996
29997
29998
30001
30002
30005
30007
30011
30014
30015
30016
30019
30020
30022
30026
30026
30027
30030
30032
30034
30035
30035
30035
30035
30037
30037
30044
30047
30050
30054
30065
30073
30074
30079
30091
30094
30094
30103
30105
30106
30108
30108
30116
30118
30118
30124
30125
30136
30139
30140
30141
30144
30150
30152
30158
30160
30166
30170
30173
30174
30175
30176
30176
30177
30182
30185
30189
30195
30195
30196
30199
30203
30203
30212
30213
30215
30218
30218
30219
30223
30226
30226
30229
30230
30231
30241
30241
30246
30249
30253
30254
30262
30263
30265
30269
30271
30274
30274
30276
30277
30280
30285
30285
30304
30308
30308
30312
30314
30318
30319
30320
30326
30332
30333
30336
30344
30344
30345
30346
30347
30348
30348
30354
30355
30357
30357
30361
30364
30373
30374
30375
30378
30379
30380
30381
30383
30387
30391
30394
30394
30395
30410
30411
30412
30414
30424
30427
30427
30430
30433
30435
30437
30437
30440
30444
30445
30446
30451
30453
30456
30457
30460
30463
30464
30470
30474
30480
30485
30488
30493
30493
30496
30507
30509
30510
30511
30514
30518
30520
30522
30524
30525
30525
30528
30529
30529
30529
30533
30533
30537
30541
30548
30553
30557
30558
30560
30561
30562
30569
30570
30578
30579
30580
30584
30585
30587
30592
30594
30599
30601
30603
30610
30616
30616
30619
30626
30627
30631
30632
30638
30644
30645
30651
30654
30654
30658
30671
30672
30672
30673
30673
30673
30676
30681
30682
30683
30684
30685
30688
30689
30691
30692
30695
30712
30713
30723
30724
30729
30736
30738
30738
30740
30741
30741
30742
30744
30744
30747
30748
30752
30756
30768
30770
30774
30778
30783
30785
30786
30790
30792
30795
30797
30798
30801
30814
30824
30827
30828
30831
30843
30848
30848
30849
30851
30853
30855
30858
30860
30861
30861
30862
30863
30864
30864
30867
30869
30870
30876
30877
30881
30889
30896
30903
30907
30912
30913
30918
30924
30928
30932
30933
30934
30939
30946
30946
30948
30949
30951
30954
30954
30954
30957
30958
30959
30959
30963
30969
30978
30980
30981
30986
30991
30992
30995
30997
30999
30999
31000
31002
31002
31004
31004
31007
31009
31015
31022
31027
31028
31031
31033
31034
31039
31041
31042
31056
31058
31060
31071
31074
31082
31083
31088
31092
31100
31104
31105
31107
31111
31118
31119
31120
31123
31123
31124
31125
31126
31127
31128
31133
31133
31136
31142
31142
31143
31146
31147
31150
31152
31156
31157
31157
31159
31169
31175
31193
31210
31215
31217
31224
31232
31236
31238
31238
31238
31239
31240
31240
31242
31243
31244
31254
31255
31258
31274
31275
31276
31279
31280
31283
31287
31290
31293
31296
31298
31303
31306
31312
31327
31329
31331
31342
31343
31343
31344
31344
31351
31351
31354
31356
31357
31362
31365
31366
31366
31368
31381
31382
31383
31385
31387
31394
31405
31405
31410
31411
31413
31420
31428
31428
31429
31432
31432
31437
31450
31458
31463
31466
31467
31482
31484
31485
31489
31499
31499
31502
31504
31504
31506
31507
31515
31516
31517
31521
31522
31525
31527
31527
31533
31533
31535
31542
31554
31556
31556
31563
31567
31568
31577
31580
31580
31583
31583
31583
31584
31586
31595
31598
31602
31608
31615
31617
31621
31626
31628
31630
31630
31636
31640
31644
31645
31650
31657
31658
31659
31661
31662
31664
31664
31668
31669
31670
31674
31674
31677
31681
31685
31686
31692
31694
31695
31703
31705
31711
31718
31719
31720
31724
31732
31735
31736
31745
31746
31748
31752
31756
31763
31763
31766
31766
31767
31773
31779
31784
31784
31787
31789
31798
31810
31816
31817
31819
31821
31830
31833
31834
31835
31838
31843
31854
31855
31857
31857
31860
31862
31862
31865
31869
31872
31880
31881
31885
31886
31888
31889
31889
31889
31893
31897
31898
31901
31903
31904
31910
31911
31913
31918
31921
31933
31936
31937
31940
31940
31947
31949
31950
31950
31950
31951
31956
31958
31965
31967
31973
31979
31991
31991
31992
31994
32001
32001
32001
32002
32002
32008
32012
32018
32021
32028
32032
32033
32034
32036
32037
32038
32040
32046
32046
32049
32050
32051
32055
32058
32058
32058
32061
32062
32062
32067
32072
32076
32078
32084
32086
32089
32093
32100
32102
32102
32103
32104
32108
32116
32127
32129
32130
32133
32133
32133
32136
32141
32145
32147
32148
32149
32150
32162
32164
32169
32171
32175
32176
32182
32187
32194
32197
32206
32208
32211
32214
32222
32231
32231
32233
32234
32236
32240
32244
32245
32255
32256
32257
32258
32261
32264
32264
32270
32271
32275
32276
32278
32280
32282
32288
32291
32296
32299
32302
32302
32303
32305
32305
32308
32310
32310
32311
32312
32312
32315
32315
32325
32328
32328
32335
32337
32342
32349
32353
32353
32354
32357
32359
32362
32369
32384
32385
32388
32391
32394
32401
32408
32410
32413
32416
32417
32419
32419
32422
32424
32434
32449
32449
32456
32459
32464
32466
32468
32470
32471
32474
32477
32479
32488
32489
32494
32496
32497
32499
32502
32502
32503
32506
32511
32514
32519
32524
32525
32532
32535
32542
32547
32554
32556
32557
32558
32558
32561
32563
32563
32564
32566
32566
32567
32568
32573
32578
32579
32579
32582
32592
32592
32597
32599
32599
32606
32609
32611
32618
32621
32623
32625
32626
32631
32633
32634
32635
32635
32641
32642
32642
32645
32647
32649
32665
32665
32666
32669
32676
32679
32679
32681
32682
32682
32683
32683
32685
32686
32686
32686
32687
32698
32709
32718
32724
32726
32727
32728
32729
32730
32733
32735
32736
32745
32747
32755
32758
32762
32763
32763
